7157 1353
7124 808
7422 662
7040 526
5743 517
3569 481
1956 469
2099 433
4790 420
3576 366
1029 364
348 353
4318 345
5468 327
351 326
3586 325
2064 320
596 311
1026 309
3479 309
672 307
3553 302
3091 300
3952 291
367 287
7015 286
4524 281
5594 278
1636 271
9370 270
4846 267
3458 262
355 257
1080 253
192343 247
999 245
5243 244
207 243
6622 238
4313 236
3383 226
7099 226
5728 220
595 214
4137 214
5054 214
6774 214
1499 213
3688 213
4609 206
6532 204
1027 201
4193 198
1432 196
581 194
7852 191
6667 185
472 183
2100 182
6647 182
6347 181
7097 177
8743 177
3690 175
5595 175
3123 174
356 169
3162 169
3565 169
332 167
1401 165
6387 165
1234 163
5925 163
836 162
3082 157
3606 156
7421 156
2944 154
51738 153
673 149
4292 149
2147 146
2247 146
7450 146
675 144
1493 144
2153 143
4312 142
4843 142
5663 139
5328 138
5580 138
7161 138
3486 136
5979 136
5444 135
185 134
154 132
960 132
1588 131
3725 130
5621 128
335 126
64127 126
183 125
958 124
1312 124
3815 124
841 123
3077 123
1906 122
2932 122
324 121
3630 121
2706 120
6772 120
19 119
7076 119
627 118
387 117
857 117
2950 117
5970 117
5879 116
2152 115
5329 114
6714 112
4436 111
598 110
3480 110
3557 109
3845 108
7428 107
4582 106
5747 106
6696 106
929 105
2952 105
3791 105
11200 104
2908 103
3717 103
4233 103
8626 102
959 101
2475 100
1869 99
3558 99
5599 99
3596 98
861 96
3106 96
6352 96
1813 95
3552 94
3689 94
4023 94
4851 94
5578 94
5071 93
5241 93
133 91
338 91
1950 91
4282 90
6531 90
1543 88
2033 88
4089 88
4314 88
6648 88
7057 88
3135 87
4000 87
4982 87
7412 87
142 86
1490 86
1815 86
3064 86
3119 86
2157 85
4323 85
6401 85
11093 85
2056 84
3685 84
2272 83
5465 83
2149 82
3043 82
5347 82
7490 82
3105 81
3481 81
3600 81
3953 81
5111 81
120892 81
1387 80
3172 80
9429 80
60489 80
2322 79
4204 79
3265 78
5371 78
23621 78
1277 77
2697 77
3949 77
56729 77
25 76
2155 76
2321 76
3757 76
1017 75
2688 75
4363 75
6927 75
3667 74
3674 74
4353 74
5781 74
10891 73
30835 73
1576 72
1803 72
1958 72
7132 72
177 71
3356 71
8600 71
8837 71
11186 71
10 70
846 70
998 70
1437 70
2335 70
4088 70
4968 70
650 69
1051 69
2150 69
6331 69
7515 69
1071 68
4170 68
5327 68
3627 67
7077 67
7341 67
285 66
940 66
1050 66
3084 66
4879 66
6670 66
7298 66
567 65
920 65
983 65
1111 65
4288 65
5894 65
7249 65
331 64
2261 64
6502 64
7133 64
948 63
2784 63
3075 63
4153 63
4683 63
6513 63
7486 63
10673 63
328 62
1559 62
3320 62
3684 62
4276 62
5290 62
613 61
1385 61
1565 61
2022 61
2332 61
2833 61
4297 61
5265 61
5268 61
5624 61
2778 60
2811 60
3484 60
4128 60
4763 60
4830 60
5788 60
2260 59
4255 59
6403 59
10855 59
213 58
545 58
1571 58
2113 58
3673 58
4792 58
6790 58
7276 58
284 57
842 57
2200 57
2263 57
4653 57
7153 57
10018 57
50943 57
196 56
949 56
1586 56
1604 56
6521 56
7045 56
7052 56
860 55
2159 55
3146 55
5742 55
51206 55
1410 54
2308 54
3065 54
3551 54
3678 54
3683 54
4311 54
5443 54
5581 54
5604 54
7048 54
7424 54
54658 54
1673 53
3932 53
4057 53
6469 53
6868 53
116519 53
604 52
1756 52
3002 52
3643 52
3659 52
4316 52
4869 52
5175 52
5294 52
5579 52
6720 52
7351 52
8795 52
350 51
1545 51
2623 51
3958 51
5888 51
7018 51
7098 51
9021 51
540 50
682 50
1991 50
2492 50
3397 50
3767 50
4221 50
4842 50
5590 50
5591 50
7150 50
11315 50
26191 50
3593 49
3676 49
3784 49
5027 49
6435 49
6776 49
6794 49
6850 49
7010 49
3973 48
4157 48
6376 48
8772 48
1191 47
1535 47
1585 47
1786 47
2212 47
3990 47
4035 47
4092 47
5617 47
240 46
354 46
2158 46
3439 46
3559 46
4254 46
5915 46
6402 46
7037 46
7056 46
898 45
1457 45
1728 45
1890 45
3117 45
3315 45
4852 45
4988 45
5058 45
5914 45
6093 45
7535 45
155 44
345 44
641 44
718 44
773 44
820 44
941 44
1045 44
1268 44
1361 44
1471 44
3371 44
3567 44
3620 44
4087 44
4261 44
5156 44
7295 44
7454 44
8651 44
302 43
1839 43
2006 43
2185 43
3570 43
4179 43
7253 43
54106 43
947 42
1435 42
2066 42
2353 42
3164 42
3375 42
5300 42
5428 42
6934 42
57379 42
409 41
847 41
1139 41
1508 41
2068 41
2641 41
3107 41
4613 41
6382 41
6404 41
6446 41
578 40
796 40
942 40
1231 40
1994 40
2539 40
3014 40
3655 40
3661 40
3956 40
4049 40
4780 40
5340 40
5610 40
6275 40
6597 40
6778 40
7066 40
11132 40
22914 40
80781 40
330 39
590 39
652 39
943 39
1000 39
1236 39
1977 39
2120 39
3456 39
3572 39
4160 39
4586 39
4684 39
5744 39
6256 39
6285 39
6890 39
7035 39
8856 39
637 38
891 38
1548 38
3290 38
3329 38
3350 38
3566 38
3611 38
3623 38
5155 38
6198 38
6606 38
7078 38
9212 38
9518 38
57817 38
867 37
1028 37
1278 37
1969 37
2065 37
3574 37
3675 37
4287 37
4914 37
5664 37
6280 37
6462 37
7137 37
8517 37
9971 37
59272 37
153 36
217 36
634 36
768 36
952 36
1003 36
1019 36
1445 36
1616 36
1634 36
2034 36
2547 36
2670 36
2741 36
3297 36
3691 36
4322 36
5777 36
6683 36
6777 36
7248 36
7430 36
7514 36
8202 36
8797 36
156 35
238 35
572 35
919 35
1392 35
1440 35
1509 35
1524 35
1536 35
2057 35
2316 35
3491 35
3624 35
4583 35
4771 35
4973 35
4976 35
5627 35
5741 35
5770 35
6678 35
7046 35
7273 35
7352 35
23411 35
43 34
174 34
359 34
624 34
875 34
1649 34
1814 34
1861 34
1910 34
2017 34
2629 34
2956 34
3291 34
3485 34
5295 34
5467 34
5551 34
6441 34
6464 34
6530 34
6556 34
6573 34
6598 34
7291 34
7409 34
8074 34
9232 34
65018 34
9 33
208 33
659 33
834 33
864 33
975 33
1147 33
1280 33
2160 33
2309 33
2516 33
2690 33
2810 33
4217 33
4286 33
5053 33
5080 33
5159 33
5176 33
6261 33
6323 33
6517 33
7391 33
7442 33
8091 33
8877 33
27035 33
56616 33
135 32
182 32
317 32
835 32
1544 32
2162 32
2213 32
2934 32
3309 32
3759 32
3976 32
4595 32
4868 32
6688 32
7012 32
7020 32
7080 32
7189 32
7431 32
7520 32
8829 32
2 31
102 31
301 31
329 31
488 31
695 31
896 31
1316 31
1789 31
2246 31
2534 31
2597 31
2798 31
4599 31
4929 31
5335 31
5649 31
6262 31
6439 31
6690 31
6891 31
6928 31
7220 31
7528 31
7538 31
10062 31
654817 31
186 30
358 30
655 30
887 30
912 30
1462 30
1589 30
1594 30
1755 30
1843 30
1909 30
2244 30
2252 30
2645 30
3240 30
3482 30
3577 30
3589 30
4041 30
4129 30
4585 30
4691 30
4804 30
5196 30
5310 30
5337 30
5566 30
6348 30
6416 30
6528 30
6662 30
6716 30
6752 30
6869 30
6908 30
10399 30
27185 30
29851 30
51741 30
64805 30
580 29
811 29
890 29
904 29
1030 29
1269 29
2395 29
2876 29
3303 29
3579 29
3856 29
5423 29
5478 29
5657 29
5727 29
5934 29
5972 29
6041 29
6548 29
7054 29
7299 29
8431 29
8850 29
9536 29
29108 29
382 28
538 28
961 28
1025 28
1380 28
1806 28
1812 28
2052 28
2208 28
2625 28
3358 28
4306 28
4361 28
4791 28
5045 28
5069 28
5167 28
5311 28
5321 28
5429 28
5451 28
5745 28
6364 28
6863 28
6885 28
7042 28
7166 28
7172 28
7827 28
10135 28
150 27
928 27
993 27
1113 27
1215 27
1557 27
1577 27
2237 27
2243 27
2776 27
2885 27
3488 27
3562 27
3651 27
3718 27
3732 27
4018 27
4803 27
5228 27
5573 27
6817 27
6915 27
7251 27
8312 27
8660 27
8878 27
8945 27
10987 27
23705 27
28996 27
51176 27
79577 27
94 26
118 26
246 26
760 26
775 26
1244 26
1514 26
1734 26
2035 26
2705 26
2902 26
3459 26
4067 26
4194 26
4210 26
4772 26
4904 26
5008 26
5144 26
5320 26
5563 26
5605 26
5697 26
5829 26
6117 26
6351 26
6473 26
6590 26
6741 26
7013 26
7039 26
7068 26
7100 26
7173 26
7222 26
7356 26
7448 26
7980 26
8826 26
9166 26
10524 26
55503 26
85363 26
121278 26
190 25
462 25
648 25
823 25
1500 25
1513 25
2194 25
2214 25
2938 25
3115 25
3178 25
3251 25
3416 25
3911 25
4068 25
4878 25
4928 25
5338 25
5360 25
5449 25
5909 25
6103 25
6361 25
6584 25
6615 25
7014 25
7158 25
7345 25
7466 25
7471 25
7508 25
7517 25
8741 25
10253 25
10273 25
10664 25
23385 25
29126 25
84062 25
125 24
239 24
337 24
374 24
408 24
467 24
477 24
862 24
1137 24
1356 24
1612 24
1948 24
1981 24
2266 24
2324 24
2494 24
2572 24
2626 24
2923 24
3605 24
4547 24
4773 24
5028 24
5292 24
5644 24
5764 24
6279 24
6609 24
6649 24
6721 24
7043 24
7329 24
8841 24
9507 24
9611 24
10133 24
10544 24
11009 24
11168 24
23643 24
51094 24
103 23
283 23
308 23
388 23
554 23
995 23
1390 23
1394 23
1485 23
1487 23
1525 23
1647 23
1760 23
1978 23
2668 23
2796 23
3159 23
3206 23
3398 23
3603 23
3827 23
4205 23
4214 23
4854 23
4864 23
4893 23
5021 23
5023 23
5047 23
5618 23
6288 23
6356 23
6426 23
6564 23
6750 23
6929 23
7186 23
7225 23
7415 23
7433 23
8648 23
10392 23
10763 23
30009 23
30061 23
79001 23
93986 23
255738 23
126 22
268 22
326 22
558 22
573 22
728 22
801 22
859 22
1081 22
1230 22
2010 22
2030 22
2205 22
2550 22
2566 22
2735 22
2896 22
2904 22
3133 22
3625 22
3654 22
3741 22
3991 22
4359 22
4760 22
4855 22
5133 22
5588 22
5999 22
6440 22
6773 22
7369 22
8792 22
9314 22
9961 22
10397 22
22943 22
30816 22
57142 22
24 21
249 21
336 21
368 21
623 21
688 21
1287 21
1378 21
1409 21
1581 21
1621 21
1642 21
2050 21
2146 21
2554 21
2638 21
3205 21
3269 21
3339 21
3359 21
3621 21
3778 21
3931 21
4552 21
4602 21
4824 21
4915 21
5029 21
5074 21
5308 21
5460 21
6422 21
6768 21
7031 21
7139 21
7226 21
8915 21
9612 21
9817 21
9970 21
10111 21
10411 21
50507 21
64421 21
290 20
668 20
824 20
889 20
967 20
1020 20
1129 20
1232 20
1241 20
1281 20
1460 20
2067 20
2169 20
2549 20
2693 20
3592 20
3816 20
3875 20
3897 20
3909 20
3998 20
4267 20
4277 20
4352 20
4627 20
4950 20
5077 20
5376 20
5395 20
5584 20
5725 20
5739 20
5883 20
6373 20
6722 20
7187 20
7494 20
8291 20
8851 20
9112 20
9368 20
10203 20
27113 20
27343 20
51744 20
59067 20
12 19
197 19
405 19
721 19
1116 19
1131 19
1201 19
1386 19
1398 19
1482 19
1719 19
2130 19
2177 19
2215 19
2357 19
2624 19
3190 19
3575 19
3753 19
5062 19
5170 19
5732 19
5734 19
5961 19
5978 19
6010 19
6418 19
6477 19
6770 19
6833 19
6892 19
6950 19
7032 19
7033 19
7038 19
7350 19
7534 19
7849 19
7913 19
7941 19
8740 19
8929 19
9131 19
10332 19
10892 19
10911 19
27032 19
90070 19
170302 19
215 18
375 18
632 18
699 18
708 18
885 18
1072 18
1141 18
1184 18
1235 18
1308 18
1583 18
1633 18
1672 18
1901 18
2118 18
2191 18
2274 18
2277 18
2313 18
2358 18
2520 18
2821 18
3039 18
3184 18
3312 18
3351 18
3516 18
3635 18
3640 18
3665 18
3785 18
3805 18
3918 18
3934 18
4085 18
4171 18
4192 18
4321 18
4486 18
4891 18
5076 18
5587 18
5592 18
5598 18
5601 18
5653 18
5893 18
5903 18
6007 18
6247 18
6310 18
6311 18
6366 18
6385 18
6506 18
6566 18
6607 18
6623 18
6736 18
6957 18
7096 18
7337 18
7376 18
7408 18
7474 18
7704 18
8398 18
8771 18
9356 18
9641 18
10015 18
10365 18
10804 18
55894 18
283120 18
100 17
140 17
412 17
597 17
710 17
934 17
966 17
994 17
1012 17
1200 17
1294 17
1436 17
1591 17
1630 17
1643 17
2002 17
2209 17
2217 17
2264 17
2271 17
2296 17
2323 17
2346 17
2621 17
2627 17
2879 17
3040 17
3274 17
3308 17
3937 17
4015 17
4069 17
4615 17
4881 17
5154 17
5284 17
5354 17
5469 17
5629 17
5806 17
5901 17
5906 17
6338 17
6523 17
6616 17
6886 17
7155 17
7258 17
8554 17
8639 17
8742 17
8870 17
8932 17
9211 17
9332 17
9510 17
9636 17
9656 17
9839 17
10257 17
11201 17
23586 17
25913 17
28514 17
51426 17
64240 17
65125 17
80332 17
114757 17
115650 17
54 16
176 16
274 16
639 16
664 16
727 16
871 16
931 16
977 16
1052 16
1082 16
1128 16
1233 16
1285 16
1311 16
1520 16
1540 16
1593 16
1618 16
1667 16
1828 16
1965 16
2048 16
2074 16
2303 16
2919 16
3181 16
3336 16
3554 16
3811 16
3814 16
3925 16
3929 16
3984 16
4072 16
4152 16
4303 16
4548 16
4800 16
4856 16
5172 16
5245 16
5359 16
5564 16
5724 16
5740 16
5783 16
5873 16
5966 16
6303 16
6317 16
6337 16
6497 16
6583 16
6693 16
6715 16
7082 16
7128 16
7184 16
7296 16
7432 16
7439 16
7507 16
7879 16
8493 16
8647 16
8858 16
8912 16
9146 16
9261 16
9564 16
9759 16
9927 16
10499 16
10599 16
10653 16
10725 16
11140 16
26121 16
27040 16
51053 16
51083 16
51284 16
55294 16
55743 16
64324 16
79602 16
81620 16
83737 16
140885 16
267012 16
116 15
123 15
341 15
466 15
476 15
633 15
671 15
840 15
843 15
939 15
990 15
1326 15
1441 15
1511 15
1889 15
2101 15
2161 15
2571 15
2717 15
2729 15
2903 15
2911 15
2931 15
3066 15
3090 15
3304 15
3360 15
3454 15
3455 15
3604 15
3708 15
3713 15
3783 15
3981 15
4056 15
4086 15
4133 15
4162 15
4317 15
4481 15
4521 15
4625 15
4688 15
4738 15
5048 15
5445 15
5660 15
5757 15
5824 15
5868 15
6273 15
6362 15
6363 15
6507 15
6519 15
6663 15
6737 15
6786 15
7083 15
7414 15
8038 15
8287 15
8644 15
8654 15
8671 15
8751 15
8767 15
9479 15
9619 15
10020 15
10096 15
10097 15
10628 15
10657 15
11005 15
23678 15
25825 15
29110 15
30011 15
51135 15
51561 15
51752 15
54474 15
54822 15
56547 15
57126 15
57679 15
58191 15
59350 15
64241 15
80025 15
114548 15
28 14
48 14
117 14
231 14
267 14
325 14
493 14
571 14
778 14
780 14
821 14
825 14
839 14
894 14
921 14
953 14
1180 14
1181 14
1364 14
1555 14
1617 14
1644 14
1739 14
1758 14
1830 14
1947 14
1984 14
2315 14
2551 14
2562 14
2678 14
2702 14
2745 14
3037 14
3055 14
3487 14
3549 14
3578 14
3716 14
3726 14
3838 14
4166 14
4283 14
4478 14
4908 14
5055 14
5346 14
5600 14
5608 14
5897 14
5997 14
6009 14
6281 14
6335 14
6340 14
6390 14
6392 14
6490 14
6550 14
6559 14
6591 14
6657 14
6755 14
6955 14
7067 14
7114 14
7130 14
7178 14
7293 14
7305 14
7392 14
7529 14
8764 14
8910 14
9308 14
9365 14
10395 14
10498 14
10614 14
22926 14
23028 14
23136 14
23513 14
23569 14
23600 14
26088 14
50848 14
55775 14
58157 14
63967 14
79147 14
83700 14
94025 14
55 13
136 13
181 13
360 13
389 13
638 13
643 13
701 13
815 13
914 13
972 13
1103 13
1286 13
1454 13
1601 13
1641 13
1646 13
1677 13
1788 13
1827 13
1832 13
1859 13
1902 13
2072 13
2192 13
2204 13
2255 13
2305 13
2592 13
2695 13
2719 13
2746 13
2770 13
2847 13
2887 13
2922 13
3126 13
3198 13
3316 13
3385 13
3636 13
3638 13
3664 13
3727 13
3728 13
3782 13
3880 13
3977 13
4012 13
4091 13
4487 13
4922 13
5037 13
5052 13
5087 13
5168 13
5244 13
5266 13
5350 13
5521 13
5625 13
5655 13
5896 13
5933 13
6019 13
6037 13
6095 13
6195 13
6197 13
6271 13
6314 13
6367 13
6555 13
6582 13
7019 13
7036 13
7049 13
7070 13
7168 13
8451 13
8682 13
8793 13
9076 13
9388 13
9401 13
9627 13
10006 13
10320 13
10563 13
10630 13
10800 13
11197 13
23327 13
23468 13
25818 13
25824 13
25942 13
27086 13
27429 13
29127 13
51107 13
54210 13
54583 13
54840 13
55851 13
56172 13
79923 13
148738 13
150684 13
387129 13
727897 13
81 12
151 12
291 12
344 12
410 12
546 12
685 12
706 12
909 12
1179 12
1270 12
1291 12
1376 12
1421 12
1476 12
1574 12
1894 12
2026 12
2078 12
2175 12
2176 12
2235 12
2488 12
2512 12
2548 12
2643 12
2692 12
2768 12
2891 12
2959 12
3183 12
3248 12
3276 12
3280 12
3283 12
3906 12
3921 12
3965 12
4055 12
4296 12
4340 12
4507 12
4534 12
4605 12
4680 12
4690 12
4751 12
4853 12
4938 12
5079 12
5324 12
5325 12
5606 12
5626 12
5753 12
5971 12
6121 12
6283 12
6319 12
6436 12
6504 12
6546 12
6646 12
6781 12
7041 12
7051 12
7053 12
7223 12
7292 12
7343 12
7399 12
7402 12
7416 12
7799 12
8086 12
8190 12
8658 12
8714 12
9002 12
9093 12
9231 12
9475 12
9575 12
9607 12
10468 12
10519 12
10560 12
10577 12
10642 12
10672 12
10859 12
10928 12
11073 12
11136 12
11337 12
11338 12
23209 12
23405 12
26471 12
27434 12
29949 12
29979 12
51062 12
51422 12
51588 12
54206 12
57192 12
59341 12
60528 12
79661 12
84432 12
148022 12
52 11
148 11
199 11
214 11
259 11
270 11
322 11
468 11
475 11
487 11
489 11
551 11
552 11
654 11
720 11
799 11
800 11
816 11
858 11
930 11
1021 11
1048 11
1263 11
1523 11
1573 11
1584 11
1605 11
1674 11
1759 11
1796 11
1874 11
1942 11
1999 11
2114 11
2189 11
2242 11
2495 11
2525 11
2532 11
2561 11
2650 11
2671 11
2677 11
2812 11
2913 11
2969 11
3060 11
3145 11
3170 11
3423 11
3428 11
3560 11
3561 11
3594 11
3601 11
3663 11
3672 11
3738 11
3821 11
3824 11
3832 11
3852 11
3938 11
4040 11
4159 11
4176 11
4208 11
4502 11
4628 11
4654 11
4693 11
4734 11
4880 11
5020 11
5073 11
5078 11
5093 11
5251 11
5536 11
5582 11
5654 11
5731 11
5733 11
5795 11
5817 11
6223 11
6240 11
6383 11
6427 11
6505 11
6510 11
6558 11
6571 11
6613 11
6654 11
6804 11
6964 11
6996 11
7001 11
7021 11
7074 11
7079 11
7122 11
7148 11
7349 11
7364 11
7374 11
7465 11
7518 11
7531 11
7957 11
8106 11
8115 11
8200 11
8260 11
8317 11
8454 11
8744 11
8754 11
8809 11
8815 11
8842 11
8864 11
9241 11
9351 11
9437 11
9846 11
10013 11
10016 11
10048 11
10059 11
10163 11
10267 11
10344 11
10371 11
10550 11
10578 11
10666 11
10984 11
11096 11
11156 11
22933 11
23308 11
26119 11
26354 11
27043 11
27087 11
50604 11
51024 11
51311 11
54578 11
54739 11
57154 11
79444 11
83939 11
89780 11
259266 11
282706 11
60 10
71 10
134 10
189 10
241 10
334 10
347 10
444 10
649 10
886 10
910 10
917 10
962 10
978 10
991 10
1001 10
1053 10
1058 10
1173 10
1188 10
1192 10
1261 10
1317 10
1382 10
1395 10
1464 10
1495 10
1558 10
1645 10
1655 10
1660 10
1668 10
1747 10
1793 10
1959 10
2122 10
2131 10
2166 10
2167 10
2288 10
2328 10
2348 10
2538 10
2633 10
2660 10
2886 10
2915 10
3036 10
3047 10
3073 10
3087 10
3177 10
3284 10
3364 10
3381 10
3598 10
3662 10
3687 10
3693 10
3777 10
3786 10
3855 10
3861 10
3908 10
3915 10
4070 10
4151 10
4155 10
4241 10
4250 10
4256 10
4281 10
4319 10
4320 10
4508 10
4588 10
4647 10
4838 10
4901 10
4916 10
4926 10
4948 10
4986 10
5004 10
5083 10
5105 10
5173 10
5187 10
5272 10
5291 10
5314 10
5322 10
5336 10
5364 10
5366 10
5409 10
5430 10
5473 10
5650 10
5737 10
5786 10
5818 10
5886 10
5916 10
6006 10
6013 10
6241 10
6277 10
6278 10
6282 10
6304 10
6329 10
6520 10
6580 10
6595 10
6708 10
6775 10
6785 10
6839 10
6910 10
7058 10
7135 10
7159 10
7177 10
7247 10
7447 10
7453 10
7472 10
7525 10
7804 10
7850 10
7874 10
8021 10
8031 10
8050 10
8473 10
8717 10
8794 10
8862 10
8900 10
8976 10
9113 10
9436 10
9844 10
10272 10
10481 10
10482 10
10516 10
10663 10
10825 10
10850 10
11012 10
11033 10
11188 10
11214 10
23476 10
23495 10
23607 10
23746 10
26353 10
26585 10
26762 10
26959 10
26986 10
30012 10
50484 10
51330 10
54600 10
54714 10
57761 10
60506 10
65266 10
80380 10
201163 10
39 9
58 9
87 9
104 9
210 9
361 9
383 9
429 9
445 9
566 9
602 9
657 9
712 9
868 9
965 9
969 9
1063 9
1121 9
1145 9
1158 9
1163 9
1282 9
1300 9
1365 9
1399 9
1600 9
1639 9
1717 9
1735 9
1738 9
1808 9
1811 9
1834 9
1848 9
1871 9
1982 9
2071 9
2138 9
2151 9
2201 9
2304 9
2521 9
2584 9
2591 9
2691 9
2707 9
2767 9
2771 9
2782 9
2797 9
2890 9
2984 9
3053 9
3067 9
3092 9
3313 9
3489 9
3590 9
3658 9
3695 9
3730 9
3745 9
3751 9
3779 9
3802 9
3807 9
3933 9
3972 9
4090 9
4094 9
4103 9
4145 9
4150 9
4158 9
4211 9
4249 9
4360 9
4535 9
4607 9
4616 9
4650 9
4739 9
4747 9
4841 9
4882 9
4886 9
4913 9
5009 9
5139 9
5274 9
5318 9
5330 9
5333 9
5339 9
5414 9
5493 9
5539 9
5553 9
5562 9
5583 9
5771 9
5837 9
5880 9
5887 9
5889 9
5891 9
5898 9
5913 9
5921 9
5962 9
5967 9
5976 9
6005 9
6017 9
6036 9
6046 9
6102 9
6237 9
6249 9
6286 9
6318 9
6374 9
6406 9
6421 9
6498 9
6515 9
6533 9
6624 9
6642 9
6653 9
6792 9
6834 9
6855 9
6872 9
6935 9
6965 9
6997 9
7022 9
7072 9
7167 9
7274 9
7306 9
7307 9
7366 9
7707 9
7832 9
8013 9
8022 9
8061 9
8125 9
8322 9
8379 9
8399 9
8434 9
8565 9
8692 9
8788 9
8930 9
8996 9
9132 9
9150 9
9255 9
9353 9
9415 9
9423 9
9451 9
9499 9
9572 9
9590 9
9622 9
9902 9
9997 9
10000 9
10002 9
10011 9
10060 9
10142 9
10226 9
10333 9
10401 9
10413 9
10461 9
10553 9
10721 9
10801 9
10935 9
10971 9
11251 9
11277 9
23054 9
23118 9
23163 9
23645 9
25842 9
26277 9
26580 9
27036 9
27161 9
29843 9
30818 9
30819 9
50616 9
50964 9
51119 9
51129 9
51147 9
51429 9
51564 9
53353 9
54407 9
54577 9
55605 9
55662 9
55937 9
56034 9
56852 9
57105 9
57167 9
57506 9
64135 9
64478 9
65057 9
65078 9
79054 9
79155 9
79400 9
79648 9
80223 9
80704 9
81502 9
81608 9
83593 9
84433 9
84823 9
84876 9
85320 9
114609 9
115352 9
122042 9
259197 9
282618 9
92 8
112 8
127 8
147 8
152 8
211 8
247 8
250 8
287 8
288 8
309 8
339 8
434 8
490 8
610 8
658 8
915 8
916 8
970 8
1044 8
1056 8
1069 8
1075 8
1114 8
1118 8
1182 8
1237 8
1374 8
1438 8
1459 8
1475 8
1729 8
1785 8
1820 8
1855 8
1876 8
1915 8
1996 8
2023 8
2053 8
2073 8
2280 8
2281 8
2289 8
2312 8
2661 8
2673 8
2720 8
2731 8
2736 8
2737 8
2815 8
2817 8
2925 8
2936 8
2962 8
3000 8
3026 8
3028 8
3061 8
3156 8
3169 8
3263 8
3273 8
3292 8
3438 8
3440 8
3460 8
3490 8
3563 8
3568 8
3597 8
3609 8
3614 8
3622 8
3682 8
3694 8
3752 8
3764 8
3776 8
3910 8
3916 8
3920 8
3978 8
4010 8
4043 8
4060 8
4082 8
4100 8
4102 8
4134 8
4148 8
4215 8
4350 8
4504 8
4540 8
4593 8
4646 8
4689 8
4703 8
4831 8
4860 8
4923 8
4953 8
4985 8
4998 8
5031 8
5036 8
5164 8
5166 8
5209 8
5225 8
5297 8
5352 8
5499 8
5520 8
5538 8
5620 8
5646 8
5726 8
5798 8
5810 8
5830 8
5867 8
5920 8
5947 8
5959 8
5989 8
6196 8
6263 8
6299 8
6300 8
6343 8
6359 8
6375 8
6449 8
6452 8
6470 8
6478 8
6480 8
6487 8
6489 8
6493 8
6514 8
6541 8
6569 8
6608 8
6612 8
6751 8
6760 8
6783 8
6818 8
6821 8
6822 8
6899 8
6926 8
6948 8
6949 8
7024 8
7050 8
7073 8
7094 8
7205 8
7358 8
7476 8
7782 8
8140 8
8161 8
8243 8
8313 8
8553 8
8575 8
8605 8
8678 8
8729 8
8737 8
8766 8
8773 8
8820 8
8874 8
9046 8
9055 8
9156 8
9210 8
9227 8
9252 8
9588 8
9743 8
9787 8
9966 8
9992 8
10014 8
10021 8
10057 8
10188 8
10210 8
10211 8
10232 8
10379 8
10419 8
10454 8
10631 8
10747 8
10755 8
10858 8
10970 8
10988 8
22944 8
23166 8
23365 8
23418 8
23581 8
23671 8
23683 8
25769 8
25803 8
26018 8
26278 8
27202 8
28964 8
29102 8
43847 8
50489 8
50506 8
53827 8
53905 8
54332 8
54361 8
54756 8
54982 8
55835 8
55914 8
56998 8
57104 8
57447 8
60468 8
64131 8
64714 8
64781 8
79083 8
79679 8
83990 8
84152 8
84168 8
85480 8
87178 8
93659 8
121504 8
133522 8
140803 8
160728 8
162417 8
200576 8
246778 8
20 7
21 7
27 7
38 7
41 7
91 7
158 7
216 7
286 7
333 7
391 7
401 7
474 7
667 7
774 7
794 7
814 7
831 7
845 7
925 7
945 7
973 7
1031 7
1186 7
1292 7
1293 7
1366 7
1371 7
1400 7
1406 7
1415 7
1442 7
1497 7
1610 7
1622 7
1676 7
1690 7
1773 7
1816 7
1822 7
2011 7
2103 7
2107 7
2119 7
2173 7
2206 7
2220 7
2253 7
2559 7
2683 7
2730 7
2740 7
2868 7
2878 7
2898 7
2993 7
3030 7
3054 7
3122 7
3163 7
3176 7
3195 7
3294 7
3362 7
3363 7
3384 7
3399 7
3426 7
3492 7
3619 7
3704 7
3736 7
3756 7
3758 7
3768 7
3858 7
3912 7
3913 7
3914 7
3939 7
4001 7
4026 7
4036 7
4052 7
4154 7
4172 7
4232 7
4301 7
4543 7
4549 7
4589 7
4598 7
4638 7
4644 7
4656 7
4758 7
4776 7
4835 7
4883 7
4887 7
4899 7
4907 7
4921 7
4987 7
5025 7
5094 7
5122 7
5163 7
5174 7
5189 7
5216 7
5230 7
5289 7
5293 7
5313 7
5317 7
5406 7
5422 7
5447 7
5457 7
5515 7
5524 7
5696 7
5716 7
5729 7
5870 7
5884 7
5885 7
5908 7
5950 7
5965 7
6023 7
6035 7
6101 7
6199 7
6257 7
6294 7
6315 7
6326 7
6346 7
6354 7
6391 7
6399 7
6400 7
6529 7
6535 7
6554 7
6565 7
6581 7
6620 7
6658 7
6659 7
6710 7
6717 7
6820 7
7025 7
7084 7
7113 7
7227 7
7272 7
7297 7
7357 7
7434 7
7436 7
7532 7
7839 7
7884 7
8411 7
8440 7
8521 7
8525 7
8542 7
8543 7
8557 7
8569 7
8650 7
8655 7
8694 7
8718 7
8728 7
8835 7
8838 7
8839 7
8936 7
8993 7
9063 7
9095 7
9098 7
9122 7
9129 7
9153 7
9154 7
9170 7
9173 7
9420 7
9445 7
9459 7
9493 7
9495 7
9516 7
9531 7
9569 7
9638 7
9685 7
9788 7
9821 7
9891 7
9935 7
9962 7
10068 7
10087 7
10140 7
10155 7
10215 7
10268 7
10312 7
10318 7
10321 7
10381 7
10403 7
10458 7
10507 7
10542 7
10585 7
10617 7
10912 7
10948 7
10951 7
11059 7
11124 7
11235 7
11255 7
23336 7
23406 7
23426 7
23627 7
23640 7
25865 7
26135 7
26524 7
27122 7
27250 7
27329 7
29109 7
29117 7
29119 7
29128 7
29780 7
29881 7
29933 7
30813 7
30848 7
51022 7
51228 7
51297 7
51305 7
51327 7
51455 7
51667 7
53340 7
53358 7
54209 7
54434 7
54472 7
54541 7
54567 7
54795 7
55612 7
56302 7
57016 7
57120 7
57152 7
57190 7
57369 7
57468 7
57521 7
57591 7
58155 7
64072 7
64078 7
64802 7
64919 7
79109 7
83756 7
84295 7
84447 7
84525 7
84634 7
92304 7
94033 7
112398 7
116986 7
117579 7
124056 7
153090 7
200316 7
246744 7
252969 7
285440 7
375790 7
387082 7
34 6
89 6
146 6
187 6
191 6
225 6
248 6
320 6
369 6
384 6
390 6
406 6
440 6
443 6
463 6
582 6
660 6
713 6
793 6
818 6
865 6
866 6
950 6
976 6
1009 6
1032 6
1043 6
1059 6
1062 6
1066 6
1104 6
1136 6
1161 6
1289 6
1297 6
1298 6
1325 6
1381 6
1393 6
1439 6
1512 6
1592 6
1716 6
1727 6
1733 6
1737 6
1749 6
1837 6
1896 6
1917 6
2040 6
2043 6
2051 6
2081 6
2104 6
2132 6
2168 6
2178 6
2182 6
2249 6
2254 6
2318 6
2529 6
2555 6
2588 6
2648 6
2672 6
2696 6
2700 6
2701 6
2739 6
2802 6
2822 6
2828 6
2831 6
2852 6
2889 6
2892 6
2893 6
2912 6
2972 6
2978 6
2980 6
3001 6
3046 6
3068 6
3099 6
3125 6
3155 6
3192 6
3202 6
3207 6
3239 6
3257 6
3298 6
3299 6
3373 6
3386 6
3394 6
3400 6
3431 6
3556 6
3660 6
3763 6
3806 6
3817 6
3837 6
3902 6
3927 6
3959 6
3964 6
3980 6
4140 6
4149 6
4299 6
4325 6
4327 6
4437 6
4488 6
4489 6
4512 6
4522 6
4544 6
4591 6
4601 6
4629 6
4774 6
4778 6
4801 6
4867 6
4905 6
4909 6
4920 6
4952 6
4999 6
5015 6
5033 6
5118 6
5125 6
5141 6
5142 6
5191 6
5270 6
5277 6
5286 6
5287 6
5309 6
5315 6
5420 6
5479 6
5498 6
5530 6
5585 6
5645 6
5648 6
5698 6
5702 6
5730 6
5791 6
5792 6
5803 6
5819 6
5825 6
5890 6
6188 6
6258 6
6284 6
6295 6
6324 6
6339 6
6342 6
6349 6
6369 6
6424 6
6476 6
6496 6
6500 6
6557 6
6567 6
6672 6
6692 6
6709 6
6753 6
6757 6
6795 6
6866 6
6916 6
6921 6
6932 6
7006 6
7030 6
7060 6
7088 6
7112 6
7134 6
7185 6
7224 6
7334 6
7443 6
7456 6
7462 6
7498 6
7546 6
7593 6
7818 6
7840 6
7982 6
8027 6
8029 6
8065 6
8174 6
8289 6
8295 6
8435 6
8462 6
8471 6
8518 6
8556 6
8567 6
8611 6
8710 6
8828 6
8840 6
8848 6
8863 6
8913 6
9026 6
9049 6
9075 6
9077 6
9126 6
9138 6
9149 6
9177 6
9376 6
9381 6
9402 6
9446 6
9530 6
9568 6
9616 6
9618 6
9709 6
9734 6
9770 6
9775 6
9826 6
9869 6
9943 6
9965 6
9972 6
9978 6
9994 6
10008 6
10009 6
10075 6
10134 6
10165 6
10181 6
10216 6
10219 6
10243 6
10250 6
10266 6
10347 6
10445 6
10451 6
10555 6
10565 6
10594 6
10611 6
10658 6
10659 6
10699 6
10728 6
10803 6
10810 6
10848 6
10919 6
10926 6
10982 6
11004 6
11040 6
11091 6
11184 6
11318 6
11335 6
22854 6
22974 6
23013 6
23082 6
23213 6
23225 6
23236 6
23396 6
23413 6
23462 6
23493 6
23576 6
23583 6
23592 6
23779 6
25800 6
25855 6
25897 6
25898 6
25932 6
25978 6
26271 6
26503 6
27063 6
27183 6
27339 6
28234 6
28988 6
29947 6
50508 6
50615 6
50807 6
50855 6
51177 6
51196 6
51199 6
51341 6
51586 6
51621 6
54704 6
54806 6
54984 6
55081 6
55600 6
55636 6
55869 6
56244 6
56254 6
56647 6
56652 6
56899 6
56946 6
56955 6
57096 6
57113 6
57491 6
57504 6
59348 6
60675 6
64122 6
64581 6
64689 6
64699 6
65217 6
79026 6
79728 6
79840 6
80155 6
80198 6
80310 6
81031 6
81848 6
83464 6
83547 6
83605 6
84343 6
84868 6
84991 6
90226 6
91807 6
94241 6
112399 6
114131 6
116085 6
117159 6
118429 6
126014 6
130399 6
134430 6
151648 6
151888 6
199713 6
200734 6
201294 6
203068 6
246243 6
261734 6
282616 6
387715 6
391533 6
31 5
119 5
212 5
229 5
265 5
276 5
293 5
311 5
432 5
435 5
479 5
491 5
506 5
563 5
608 5
635 5
666 5
714 5
719 5
722 5
725 5
731 5
735 5
759 5
838 5
892 5
901 5
911 5
923 5
933 5
968 5
974 5
1022 5
1033 5
1041 5
1119 5
1134 5
1183 5
1203 5
1213 5
1238 5
1259 5
1267 5
1296 5
1301 5
1302 5
1452 5
1453 5
1474 5
1510 5
1528 5
1551 5
1553 5
1602 5
1718 5
1742 5
1746 5
1748 5
1794 5
1829 5
1877 5
1879 5
1903 5
1960 5
2020 5
2060 5
2069 5
2165 5
2188 5
2259 5
2317 5
2326 5
2359 5
2569 5
2644 5
2674 5
2689 5
2760 5
2769 5
2774 5
2826 5
2834 5
2869 5
2875 5
2877 5
2899 5
2914 5
2935 5
2937 5
2939 5
2941 5
2947 5
2957 5
2968 5
2990 5
3038 5
3045 5
3059 5
3074 5
3108 5
3134 5
3148 5
3161 5
3175 5
3209 5
3214 5
3232 5
3249 5
3301 5
3337 5
3425 5
3475 5
3483 5
3495 5
3587 5
3595 5
3646 5
3680 5
3702 5
3781 5
3799 5
3803 5
3804 5
3812 5
3820 5
3843 5
3848 5
3872 5
3895 5
3930 5
3974 5
4059 5
4173 5
4345 5
4440 5
4482 5
4485 5
4513 5
4520 5
4590 5
4610 5
4620 5
4671 5
4686 5
4694 5
4724 5
4735 5
4741 5
4802 5
4810 5
4837 5
4863 5
4902 5
4935 5
4978 5
5005 5
5016 5
5024 5
5030 5
5034 5
5081 5
5096 5
5110 5
5160 5
5179 5
5275 5
5281 5
5298 5
5319 5
5349 5
5367 5
5373 5
5378 5
5446 5
5450 5
5458 5
5501 5
5504 5
5506 5
5550 5
5552 5
5567 5
5589 5
5603 5
5607 5
5609 5
5652 5
5710 5
5780 5
5813 5
5892 5
5911 5
5936 5
5987 5
5993 5
6004 5
6011 5
6045 5
6091 5
6125 5
6135 5
6272 5
6341 5
6344 5
6372 5
6386 5
6423 5
6430 5
6461 5
6491 5
6495 5
6547 5
6560 5
6574 5
6575 5
6596 5
6638 5
6671 5
6732 5
6756 5
6865 5
6867 5
6880 5
6905 5
6917 5
7003 5
7027 5
7044 5
7170 5
7181 5
7204 5
7216 5
7301 5
7336 5
7372 5
7423 5
7429 5
7468 5
7516 5
7547 5
7555 5
7706 5
7709 5
7791 5
7803 5
7809 5
7855 5
7869 5
7903 5
7940 5
8000 5
8204 5
8288 5
8450 5
8455 5
8481 5
8487 5
8502 5
8505 5
8607 5
8631 5
8739 5
8817 5
8824 5
8893 5
8898 5
8914 5
8995 5
9020 5
9043 5
9051 5
9056 5
9061 5
9104 5
9111 5
9168 5
9185 5
9235 5
9266 5
9270 5
9322 5
9333 5
9340 5
9407 5
9444 5
9448 5
9478 5
9500 5
9503 5
9547 5
9563 5
9600 5
9700 5
9722 5
9733 5
9744 5
9815 5
9874 5
9928 5
9939 5
9963 5
9968 5
9990 5
10052 5
10055 5
10083 5
10112 5
10125 5
10166 5
10252 5
10256 5
10269 5
10280 5
10298 5
10309 5
10313 5
10407 5
10456 5
10488 5
10537 5
10564 5
10580 5
10643 5
10726 5
10771 5
10783 5
10818 5
10847 5
10857 5
10874 5
10886 5
10894 5
10908 5
10915 5
11035 5
11047 5
11065 5
11076 5
11126 5
11143 5
11144 5
11171 5
11198 5
11329 5
22795 5
22809 5
22900 5
23048 5
23089 5
23175 5
23345 5
23353 5
23368 5
23373 5
23433 5
23512 5
23526 5
23532 5
23541 5
23765 5
23770 5
24137 5
24145 5
25797 5
25833 5
25875 5
25894 5
25988 5
26085 5
26279 5
26287 5
26512 5
26525 5
27030 5
27095 5
27180 5
27235 5
27336 5
28960 5
29904 5
29978 5
30001 5
51377 5
51514 5
51652 5
51655 5
51701 5
51776 5
53335 5
53615 5
54413 5
54487 5
54575 5
54880 5
55367 5
55502 5
55588 5
55624 5
55630 5
55687 5
55809 5
55829 5
55959 5
56413 5
56477 5
56999 5
57492 5
57502 5
57510 5
57818 5
58494 5
59340 5
60482 5
63826 5
63976 5
64162 5
64221 5
64326 5
64866 5
65109 5
66037 5
79139 5
79608 5
80142 5
80184 5
80331 5
80854 5
81565 5
83587 5
83872 5
83998 5
84106 5
84557 5
84700 5
84864 5
84883 5
85413 5
89781 5
89832 5
89884 5
90411 5
93649 5
114327 5
114836 5
114902 5
115426 5
121340 5
123264 5
123606 5
125111 5
131450 5
135138 5
135228 5
140628 5
145226 5
145624 5
146664 5
147409 5
149428 5
151306 5
154091 5
160364 5
161582 5
161882 5
200931 5
222962 5
257397 5
284217 5
285362 5
339221 5
359787 5
378884 5
18 4
32 4
36 4
93 4
95 4
107 4
128 4
218 4
242 4
257 4
262 4
310 4
321 4
353 4
421 4
427 4
430 4
471 4
481 4
522 4
529 4
549 4
570 4
583 4
587 4
594 4
599 4
629 4
644 4
653 4
663 4
665 4
686 4
694 4
730 4
733 4
761 4
762 4
777 4
790 4
817 4
819 4
837 4
900 4
905 4
924 4
944 4
954 4
997 4
1015 4
1084 4
1105 4
1130 4
1178 4
1207 4
1288 4
1352 4
1363 4
1375 4
1384 4
1408 4
1414 4
1420 4
1434 4
1489 4
1515 4
1537 4
1579 4
1606 4
1629 4
1638 4
1654 4
1670 4
1678 4
1687 4
1736 4
1776 4
1831 4
1836 4
1847 4
1870 4
1875 4
1893 4
1936 4
1938 4
1943 4
1975 4
2000 4
2018 4
2021 4
2038 4
2115 4
2172 4
2184 4
2202 4
2207 4
2218 4
2245 4
2319 4
2354 4
2356 4
2489 4
2524 4
2526 4
2582 4
2596 4
2617 4
2618 4
2639 4
2703 4
2710 4
2744 4
2747 4
2752 4
2803 4
2819 4
2837 4
2864 4
2867 4
2870 4
2897 4
2920 4
2946 4
2995 4
2997 4
3004 4
3048 4
3094 4
3111 4
3150 4
3326 4
3347 4
3357 4
3401 4
3493 4
3497 4
3508 4
3588 4
3613 4
3670 4
3739 4
3766 4
3818 4
3822 4
3903 4
3936 4
3957 4
3960 4
3985 4
3987 4
4014 4
4017 4
4076 4
4118 4
4130 4
4147 4
4207 4
4209 4
4223 4
4246 4
4284 4
4326 4
4330 4
4331 4
4477 4
4519 4
4567 4
4635 4
4640 4
4666 4
4729 4
4775 4
4782 4
4793 4
4898 4
4927 4
4946 4
5026 4
5068 4
5092 4
5095 4
5104 4
5108 4
5126 4
5140 4
5169 4
5178 4
5205 4
5264 4
5304 4
5307 4
5331 4
5358 4
5393 4
5411 4
5452 4
5496 4
5518 4
5531 4
5547 4
5576 4
5577 4
5722 4
5774 4
5793 4
5805 4
5816 4
5864 4
5881 4
5899 4
5900 4
5923 4
5932 4
5981 4
5998 4
6000 4
6016 4
6048 4
6059 4
6060 4
6100 4
6118 4
6181 4
6187 4
6242 4
6289 4
6357 4
6360 4
6405 4
6407 4
6432 4
6434 4
6443 4
6448 4
6453 4
6455 4
6522 4
6570 4
6585 4
6586 4
6643 4
6664 4
6689 4
6749 4
6754 4
6767 4
6788 4
6812 4
6829 4
6832 4
6844 4
6845 4
6879 4
6901 4
6906 4
6909 4
6923 4
7007 4
7011 4
7064 4
7071 4
7111 4
7156 4
7182 4
7270 4
7277 4
7280 4
7314 4
7363 4
7367 4
7378 4
7410 4
7411 4
7449 4
7481 4
7482 4
7503 4
7533 4
7536 4
7784 4
7919 4
7936 4
8099 4
8208 4
8224 4
8277 4
8301 4
8328 4
8406 4
8428 4
8438 4
8452 4
8460 4
8467 4
8470 4
8476 4
8477 4
8480 4
8516 4
8530 4
8535 4
8536 4
8570 4
8573 4
8625 4
8653 4
8667 4
8685 4
8727 4
8778 4
8805 4
8869 4
8875 4
8884 4
8928 4
8974 4
8989 4
9039 4
9088 4
9101 4
9124 4
9183 4
9217 4
9223 4
9282 4
9289 4
9311 4
9349 4
9367 4
9371 4
9372 4
9397 4
9463 4
9464 4
9474 4
9525 4
9581 4
9582 4
9604 4
9628 4
9635 4
9672 4
9682 4
9695 4
9730 4
9794 4
9820 4
9836 4
9843 4
9882 4
9973 4
9982 4
10010 4
10043 4
10076 4
10084 4
10117 4
10146 4
10159 4
10174 4
10193 4
10288 4
10362 4
10369 4
10370 4
10421 4
10457 4
10464 4
10474 4
10492 4
10521 4
10540 4
10551 4
10558 4
10559 4
10572 4
10587 4
10645 4
10661 4
10678 4
10686 4
10691 4
10723 4
10795 4
10814 4
10817 4
10856 4
10923 4
10933 4
10938 4
10961 4
11034 4
11081 4
11095 4
11151 4
11202 4
11244 4
11253 4
11261 4
11279 4
11309 4
11322 4
11346 4
22822 4
22861 4
22872 4
22921 4
22927 4
22938 4
22953 4
22954 4
22976 4
23012 4
23022 4
23049 4
23064 4
23075 4
23097 4
23122 4
23162 4
23192 4
23286 4
23332 4
23369 4
23410 4
23421 4
23429 4
23435 4
23463 4
23545 4
23552 4
23564 4
23594 4
23624 4
23657 4
25776 4
25836 4
25920 4
25970 4
26154 4
26292 4
26523 4
26579 4
27097 4
27165 4
27173 4
27306 4
27327 4
27347 4
27350 4
29121 4
29760 4
29850 4
29943 4
29950 4
29954 4
29959 4
30817 4
50511 4
50619 4
50632 4
50652 4
50802 4
50814 4
51100 4
51106 4
51109 4
51151 4
51181 4
51364 4
51393 4
51478 4
51684 4
51702 4
53343 4
53904 4
54443 4
54681 4
54715 4
54796 4
54820 4
54829 4
54936 4
54962 4
55120 4
55143 4
55388 4
55512 4
55576 4
55578 4
55660 4
55669 4
55670 4
55690 4
55704 4
55723 4
55742 4
55760 4
55770 4
55832 4
55922 4
56605 4
56624 4
56648 4
57018 4
57085 4
57122 4
57403 4
57509 4
57554 4
57580 4
57716 4
58190 4
58484 4
60495 4
63970 4
64101 4
64137 4
64319 4
64332 4
64374 4
64750 4
64754 4
64806 4
64858 4
64946 4
65010 4
66008 4
79084 4
79158 4
79365 4
80036 4
80279 4
80306 4
80329 4
81285 4
81494 4
81793 4
81846 4
83416 4
83417 4
83844 4
83930 4
83959 4
84063 4
84570 4
84941 4
85456 4
85458 4
85476 4
89845 4
90427 4
90459 4
91147 4
91662 4
93185 4
94274 4
114770 4
114798 4
115557 4
115727 4
116987 4
119391 4
120329 4
127534 4
127933 4
128674 4
142678 4
144165 4
154796 4
157570 4
163702 4
167227 4
170589 4
201254 4
206358 4
225689 4
253260 4
257144 4
259230 4
261729 4
286204 4
286826 4
347148 4
373156 4
375611 4
378465 4
388585 4
389692 4
441792 4
594857 4
653361 4
26 3
50 3
59 3
72 3
98 3
111 3
113 3
114 3
115 3
157 3
163 3
164 3
173 3
175 3
178 3
224 3
251 3
269 3
272 3
292 3
307 3
323 3
343 3
366 3
392 3
397 3
402 3
407 3
411 3
433 3
478 3
482 3
496 3
498 3
547 3
553 3
575 3
585 3
636 3
678 3
683 3
715 3
717 3
726 3
732 3
771 3
776 3
779 3
788 3
822 3
829 3
844 3
863 3
874 3
902 3
913 3
971 3
984 3
985 3
1002 3
1060 3
1109 3
1124 3
1132 3
1133 3
1143 3
1146 3
1149 3
1152 3
1160 3
1271 3
1272 3
1284 3
1290 3
1303 3
1358 3
1362 3
1368 3
1404 3
1411 3
1427 3
1431 3
1447 3
1521 3
1582 3
1613 3
1620 3
1653 3
1656 3
1663 3
1725 3
1750 3
1763 3
1777 3
1787 3
1791 3
1804 3
1809 3
1823 3
1825 3
1844 3
1854 3
1964 3
1967 3
1973 3
1979 3
1983 3
2001 3
2008 3
2012 3
2013 3
2029 3
2042 3
2077 3
2112 3
2170 3
2171 3
2186 3
2187 3
2195 3
2219 3
2230 3
2232 3
2241 3
2248 3
2258 3
2275 3
2314 3
2331 3
2444 3
2487 3
2523 3
2528 3
2533 3
2557 3
2560 3
2580 3
2581 3
2642 3
2646 3
2649 3
2658 3
2664 3
2669 3
2800 3
2801 3
2805 3
2814 3
2832 3
2861 3
2863 3
2865 3
2888 3
2965 3
2966 3
2971 3
3009 3
3015 3
3029 3
3035 3
3050 3
3062 3
3083 3
3109 3
3110 3
3112 3
3131 3
3185 3
3196 3
3197 3
3204 3
3211 3
3217 3
3221 3
3235 3
3236 3
3250 3
3295 3
3300 3
3433 3
3509 3
3514 3
3581 3
3617 3
3626 3
3642 3
3645 3
3679 3
3692 3
3696 3
3706 3
3707 3
3710 3
3735 3
3760 3
3761 3
3762 3
3772 3
3792 3
3796 3
3798 3
3835 3
3836 3
3842 3
3857 3
3859 3
3899 3
3950 3
3992 3
3996 3
4005 3
4016 3
4025 3
4051 3
4054 3
4063 3
4074 3
4084 3
4099 3
4131 3
4144 3
4216 3
4224 3
4225 3
4240 3
4257 3
4298 3
4324 3
4332 3
4337 3
4338 3
4358 3
4438 3
4495 3
4514 3
4537 3
4538 3
4541 3
4550 3
4594 3
4604 3
4617 3
4624 3
4651 3
4659 3
4665 3
4668 3
4692 3
4733 3
4744 3
4795 3
4799 3
4811 3
4828 3
4836 3
4848 3
4862 3
4889 3
4983 3
5002 3
5019 3
5046 3
5051 3
5082 3
5089 3
5091 3
5136 3
5138 3
5150 3
5152 3
5184 3
5195 3
5210 3
5223 3
5236 3
5303 3
5305 3
5316 3
5341 3
5345 3
5348 3
5365 3
5372 3
5394 3
5413 3
5424 3
5442 3
5459 3
5476 3
5511 3
5514 3
5519 3
5527 3
5528 3
5532 3
5533 3
5568 3
5570 3
5597 3
5619 3
5631 3
5641 3
5713 3
5720 3
5723 3
5796 3
5797 3
5905 3
5918 3
5919 3
5931 3
5935 3
5940 3
5973 3
5982 3
6003 3
6014 3
6047 3
6098 3
6146 3
6159 3
6189 3
6194 3
6207 3
6248 3
6274 3
6287 3
6296 3
6320 3
6389 3
6415 3
6419 3
6428 3
6431 3
6445 3
6468 3
6484 3
6492 3
6509 3
6518 3
6542 3
6553 3
6572 3
6588 3
6605 3
6610 3
6625 3
6674 3
6687 3
6697 3
6728 3
6780 3
6789 3
6799 3
6853 3
6874 3
6883 3
6888 3
6938 3
6945 3
6983 3
6993 3
6999 3
7004 3
7005 3
7026 3
7136 3
7162 3
7163 3
7174 3
7188 3
7200 3
7201 3
7221 3
7252 3
7257 3
7275 3
7316 3
7325 3
7327 3
7335 3
7353 3
7361 3
7368 3
7371 3
7389 3
7401 3
7473 3
7541 3
7545 3
7703 3
7739 3
7764 3
7779 3
7786 3
7812 3
7813 3
7841 3
7857 3
7915 3
7917 3
7976 3
7994 3
8028 3
8073 3
8078 3
8111 3
8128 3
8139 3
8153 3
8165 3
8195 3
8209 3
8228 3
8242 3
8284 3
8292 3
8321 3
8372 3
8405 3
8409 3
8456 3
8458 3
8482 3
8483 3
8490 3
8504 3
8519 3
8531 3
8547 3
8555 3
8572 3
8601 3
8604 3
8609 3
8615 3
8622 3
8624 3
8633 3
8637 3
8661 3
8673 3
8683 3
8701 3
8733 3
8763 3
8777 3
8790 3
8812 3
8836 3
8844 3
8871 3
8883 3
8892 3
8911 3
8925 3
8985 3
8991 3
9016 3
9019 3
9044 3
9048 3
9058 3
9097 3
9099 3
9100 3
9107 3
9118 3
9133 3
9141 3
9152 3
9180 3
9181 3
9189 3
9201 3
9219 3
9221 3
9248 3
9254 3
9260 3
9267 3
9271 3
9294 3
9315 3
9344 3
9361 3
9378 3
9403 3
9409 3
9439 3
9447 3
9454 3
9476 3
9481 3
9497 3
9532 3
9537 3
9546 3
9589 3
9598 3
9648 3
9651 3
9686 3
9687 3
9727 3
9765 3
9768 3
9784 3
9793 3
9833 3
9901 3
9914 3
9934 3
9986 3
10023 3
10036 3
10049 3
10063 3
10095 3
10110 3
10128 3
10164 3
10197 3
10207 3
10212 3
10223 3
10270 3
10276 3
10335 3
10342 3
10400 3
10406 3
10459 3
10490 3
10497 3
10512 3
10522 3
10525 3
10538 3
10566 3
10567 3
10568 3
10579 3
10590 3
10603 3
10608 3
10626 3
10647 3
10652 3
10683 3
10733 3
10735 3
10743 3
10746 3
10752 3
10758 3
10761 3
10765 3
10772 3
10815 3
10849 3
10863 3
10887 3
10916 3
10921 3
10927 3
10953 3
10991 3
11036 3
11052 3
11054 3
11060 3
11069 3
11075 3
11080 3
11082 3
11083 3
11100 3
11113 3
11127 3
11141 3
11142 3
11167 3
11213 3
11216 3
11240 3
11254 3
11283 3
11284 3
11320 3
22846 3
22853 3
22871 3
22882 3
22894 3
22915 3
22918 3
22919 3
22920 3
22931 3
22985 3
23057 3
23063 3
23077 3
23085 3
23111 3
23113 3
23157 3
23189 3
23191 3
23210 3
23221 3
23224 3
23268 3
23279 3
23283 3
23305 3
23352 3
23371 3
23417 3
23451 3
23474 3
23479 3
23481 3
23492 3
23557 3
23566 3
23596 3
23598 3
23604 3
23636 3
23704 3
23764 3
24140 3
25780 3
25794 3
25802 3
25804 3
25828 3
25870 3
25902 3
25924 3
25953 3
26003 3
26013 3
26019 3
26039 3
26054 3
26060 3
26086 3
26229 3
26256 3
26276 3
26281 3
26330 3
26472 3
26519 3
26528 3
26574 3
26578 3
26994 3
27018 3
27074 3
27101 3
27130 3
27178 3
27179 3
27181 3
27232 3
27297 3
27330 3
27335 3
27344 3
28976 3
29072 3
29103 3
29766 3
29899 3
29948 3
30000 3
30014 3
30834 3
30837 3
30851 3
50487 3
50514 3
50628 3
50833 3
50865 3
50937 3
50941 3
51009 3
51079 3
51095 3
51099 3
51141 3
51160 3
51190 3
51191 3
51247 3
51266 3
51289 3
51290 3
51378 3
51384 3
51438 3
51458 3
51466 3
51497 3
51499 3
51547 3
51699 3
51703 3
51726 3
51727 3
51806 3
53342 3
53354 3
53616 3
53632 3
53637 3
53947 3
54097 3
54345 3
54431 3
54476 3
54498 3
54538 3
54602 3
54617 3
54700 3
54738 3
54751 3
54778 3
54858 3
54862 3
54878 3
54921 3
54957 3
54971 3
55109 3
55170 3
55193 3
55201 3
55353 3
55363 3
55540 3
55553 3
55586 3
55655 3
55697 3
55717 3
55729 3
55738 3
55741 3
55796 3
55801 3
55806 3
55819 3
55840 3
55867 3
55872 3
56288 3
56300 3
56603 3
56731 3
56848 3
56892 3
56915 3
56924 3
56928 3
56953 3
57007 3
57048 3
57061 3
57127 3
57175 3
57292 3
57410 3
57412 3
57448 3
57620 3
57628 3
57630 3
57634 3
57658 3
57708 3
57829 3
58160 3
59338 3
59343 3
59344 3
60401 3
63922 3
64073 3
64094 3
64098 3
64130 3
64211 3
64327 3
64344 3
64395 3
64398 3
64399 3
64411 3
64856 3
64975 3
65009 3
65110 3
66004 3
79019 3
79085 3
79628 3
79672 3
79753 3
79760 3
79814 3
79827 3
79848 3
79901 3
79924 3
79947 3
79960 3
80204 3
80205 3
80207 3
80243 3
80324 3
80328 3
80381 3
80712 3
80765 3
80824 3
80834 3
81027 3
81029 3
81035 3
81537 3
81614 3
81631 3
81794 3
81839 3
83540 3
83552 3
83660 3
83715 3
83854 3
83881 3
83933 3
83941 3
84059 3
84108 3
84148 3
84163 3
84324 3
84441 3
84539 3
84651 3
84674 3
84676 3
84735 3
84817 3
84894 3
84930 3
84951 3
84958 3
84962 3
84967 3
85301 3
85358 3
85415 3
89876 3
90865 3
91039 3
91543 3
91653 3
91754 3
92140 3
92359 3
93664 3
94031 3
94122 3
94233 3
113235 3
113451 3
113540 3
114614 3
114625 3
114788 3
114789 3
115111 3
115653 3
115677 3
115761 3
116844 3
117144 3
117156 3
117166 3
118856 3
120227 3
121665 3
122876 3
123228 3
124790 3
125050 3
126382 3
126393 3
127833 3
129807 3
130589 3
132884 3
133396 3
136647 3
140290 3
140453 3
140690 3
140809 3
140890 3
144455 3
145270 3
146225 3
146722 3
147700 3
148327 3
149233 3
152189 3
152404 3
157680 3
163732 3
165140 3
166785 3
168400 3
169026 3
170680 3
171017 3
171221 3
171512 3
197131 3
200186 3
200879 3
206338 3
220296 3
221895 3
222537 3
222545 3
257218 3
259236 3
260425 3
260434 3
282617 3
284111 3
284654 3
285782 3
338442 3
338567 3
339403 3
340205 3
340273 3
340706 3
353376 3
375298 3
376497 3
386653 3
406952 3
442070 3
647859 3
652070 3
15 2
35 2
40 2
70 2
88 2
90 2
97 2
109 2
120 2
124 2
203 2
244 2
273 2
318 2
362 2
364 2
378 2
393 2
394 2
396 2
399 2
400 2
419 2
439 2
480 2
483 2
486 2
521 2
533 2
550 2
618 2
656 2
669 2
670 2
676 2
677 2
680 2
716 2
766 2
781 2
797 2
805 2
826 2
833 2
883 2
926 2
951 2
957 2
963 2
988 2
989 2
996 2
1014 2
1039 2
1054 2
1073 2
1108 2
1135 2
1153 2
1154 2
1159 2
1187 2
1195 2
1211 2
1240 2
1264 2
1299 2
1305 2
1306 2
1307 2
1327 2
1355 2
1407 2
1419 2
1455 2
1470 2
1478 2
1488 2
1491 2
1534 2
1580 2
1595 2
1608 2
1609 2
1615 2
1627 2
1652 2
1666 2
1671 2
1740 2
1741 2
1743 2
1767 2
1775 2
1800 2
1824 2
1826 2
1840 2
1845 2
1846 2
1849 2
1850 2
1865 2
1891 2
1907 2
1908 2
1933 2
1944 2
1945 2
1949 2
1962 2
1974 2
1990 2
1997 2
1998 2
2014 2
2019 2
2039 2
2041 2
2046 2
2047 2
2049 2
2054 2
2059 2
2070 2
2108 2
2109 2
2110 2
2125 2
2163 2
2181 2
2197 2
2224 2
2257 2
2267 2
2273 2
2294 2
2301 2
2339 2
2405 2
2481 2
2527 2
2530 2
2542 2
2553 2
2556 2
2558 2
2564 2
2567 2
2587 2
2593 2
2595 2
2637 2
2651 2
2652 2
2665 2
2681 2
2694 2
2723 2
2734 2
2742 2
2743 2
2761 2
2775 2
2780 2
2783 2
2820 2
2825 2
2838 2
2862 2
2872 2
2874 2
2901 2
2909 2
2917 2
2918 2
2940 2
2948 2
2953 2
2954 2
2964 2
2977 2
2992 2
2994 2
2999 2
3003 2
3005 2
3006 2
3008 2
3020 2
3024 2
3032 2
3033 2
3034 2
3052 2
3069 2
3078 2
3081 2
3093 2
3098 2
3140 2
3174 2
3191 2
3208 2
3213 2
3215 2
3224 2
3241 2
3266 2
3270 2
3275 2
3305 2
3306 2
3352 2
3417 2
3419 2
3420 2
3429 2
3434 2
3441 2
3451 2
3476 2
3478 2
3507 2
3535 2
3608 2
3612 2
3641 2
3648 2
3698 2
3699 2
3700 2
3714 2
3720 2
3749 2
3790 2
3795 2
3809 2
3831 2
3833 2
3839 2
3868 2
3887 2
3889 2
3963 2
3988 2
4009 2
4046 2
4047 2
4050 2
4083 2
4105 2
4116 2
4117 2
4123 2
4161 2
4168 2
4174 2
4188 2
4200 2
4219 2
4237 2
4248 2
4291 2
4294 2
4356 2
4430 2
4439 2
4496 2
4574 2
4584 2
4618 2
4619 2
4626 2
4633 2
4634 2
4643 2
4645 2
4658 2
4669 2
4673 2
4681 2
4719 2
4750 2
4752 2
4756 2
4759 2
4761 2
4762 2
4784 2
4794 2
4809 2
4884 2
4897 2
4900 2
4925 2
4967 2
5000 2
5007 2
5032 2
5063 2
5072 2
5106 2
5116 2
5127 2
5129 2
5145 2
5151 2
5153 2
5158 2
5165 2
5190 2
5193 2
5194 2
5204 2
5214 2
5229 2
5240 2
5250 2
5256 2
5267 2
5269 2
5326 2
5351 2
5368 2
5408 2
5425 2
5431 2
5432 2
5436 2
5454 2
5474 2
5481 2
5494 2
5516 2
5523 2
5534 2
5535 2
5549 2
5575 2
5593 2
5596 2
5602 2
5611 2
5623 2
5630 2
5651 2
5684 2
5685 2
5688 2
5693 2
5705 2
5721 2
5738 2
5754 2
5756 2
5778 2
5787 2
5789 2
5794 2
5800 2
5802 2
5874 2
5902 2
5910 2
5912 2
5924 2
5926 2
5927 2
5928 2
5930 2
5956 2
5957 2
5980 2
5991 2
5994 2
5996 2
6029 2
6049 2
6050 2
6067 2
6097 2
6129 2
6130 2
6134 2
6175 2
6231 2
6232 2
6236 2
6239 2
6252 2
6259 2
6297 2
6334 2
6353 2
6368 2
6414 2
6442 2
6451 2
6494 2
6524 2
6527 2
6539 2
6545 2
6561 2
6563 2
6579 2
6594 2
6599 2
6604 2
6614 2
6635 2
6652 2
6656 2
6660 2
6668 2
6699 2
6707 2
6711 2
6712 2
6731 2
6733 2
6738 2
6779 2
6793 2
6810 2
6819 2
6837 2
6840 2
6854 2
6857 2
6870 2
6875 2
6876 2
6877 2
6878 2
6881 2
6895 2
6898 2
6900 2
6907 2
6919 2
6925 2
6943 2
6947 2
7009 2
7059 2
7075 2
7101 2
7108 2
7123 2
7164 2
7169 2
7175 2
7180 2
7262 2
7263 2
7265 2
7286 2
7290 2
7294 2
7317 2
7318 2
7319 2
7320 2
7321 2
7322 2
7323 2
7332 2
7347 2
7348 2
7373 2
7375 2
7377 2
7417 2
7441 2
7444 2
7469 2
7479 2
7480 2
7483 2
7571 2
7629 2
7702 2
7705 2
7728 2
7750 2
7753 2
7763 2
7767 2
7783 2
7805 2
7846 2
7867 2
7922 2
7942 2
7954 2
7978 2
8082 2
8085 2
8087 2
8089 2
8148 2
8170 2
8189 2
8192 2
8214 2
8237 2
8239 2
8263 2
8290 2
8315 2
8318 2
8326 2
8338 2
8370 2
8394 2
8402 2
8404 2
8419 2
8437 2
8439 2
8443 2
8444 2
8459 2
8475 2
8498 2
8500 2
8513 2
8515 2
8527 2
8534 2
8544 2
8546 2
8549 2
8564 2
8566 2
8578 2
8608 2
8612 2
8613 2
8614 2
8620 2
8635 2
8645 2
8646 2
8659 2
8666 2
8679 2
8691 2
8704 2
8720 2
8721 2
8722 2
8736 2
8738 2
8745 2
8775 2
8784 2
8787 2
8796 2
8811 2
8819 2
8825 2
8854 2
8861 2
8867 2
8879 2
8880 2
8881 2
8888 2
8899 2
8926 2
8927 2
8935 2
8940 2
8941 2
8943 2
8997 2
9013 2
9024 2
9031 2
9037 2
9047 2
9052 2
9054 2
9083 2
9092 2
9094 2
9127 2
9140 2
9145 2
9159 2
9184 2
9188 2
9191 2
9220 2
9245 2
9306 2
9313 2
9318 2
9321 2
9334 2
9341 2
9342 2
9354 2
9360 2
9373 2
9382 2
9383 2
9394 2
9400 2
9404 2
9414 2
9421 2
9453 2
9456 2
9457 2
9465 2
9466 2
9470 2
9473 2
9482 2
9501 2
9506 2
9509 2
9517 2
9519 2
9527 2
9535 2
9540 2
9542 2
9555 2
9573 2
9577 2
9584 2
9595 2
9603 2
9615 2
9620 2
9639 2
9647 2
9655 2
9663 2
9693 2
9737 2
9738 2
9748 2
9804 2
9810 2
9856 2
9879 2
9897 2
9922 2
9937 2
9947 2
9956 2
9958 2
9980 2
10003 2
10005 2
10007 2
10019 2
10038 2
10040 2
10053 2
10058 2
10061 2
10073 2
10085 2
10090 2
10109 2
10114 2
10130 2
10131 2
10139 2
10148 2
10152 2
10156 2
10170 2
10196 2
10200 2
10202 2
10213 2
10221 2
10231 2
10242 2
10247 2
10251 2
10262 2
10277 2
10286 2
10287 2
10290 2
10308 2
10317 2
10346 2
10376 2
10383 2
10415 2
10418 2
10432 2
10437 2
10438 2
10455 2
10466 2
10480 2
10494 2
10527 2
10529 2
10569 2
10589 2
10598 2
10615 2
10616 2
10637 2
10644 2
10656 2
10675 2
10681 2
10690 2
10693 2
10715 2
10724 2
10769 2
10809 2
10840 2
10868 2
10870 2
10875 2
10893 2
10910 2
10913 2
10922 2
10942 2
10945 2
10963 2
10969 2
10981 2
10989 2
10999 2
11006 2
11007 2
11010 2
11021 2
11026 2
11027 2
11043 2
11045 2
11051 2
11061 2
11064 2
11067 2
11078 2
11116 2
11117 2
11145 2
11146 2
11155 2
11162 2
11178 2
11183 2
11187 2
11219 2
11230 2
11234 2
11260 2
11267 2
11276 2
11282 2
11285 2
11314 2
11325 2
11331 2
11332 2
11334 2
11340 2
11342 2
22794 2
22801 2
22803 2
22806 2
22807 2
22820 2
22821 2
22841 2
22873 2
22877 2
22879 2
22895 2
22916 2
22924 2
22929 2
22937 2
22999 2
23002 2
23007 2
23016 2
23019 2
23037 2
23051 2
23059 2
23062 2
23066 2
23071 2
23081 2
23095 2
23098 2
23137 2
23151 2
23152 2
23164 2
23173 2
23176 2
23178 2
23184 2
23208 2
23215 2
23216 2
23229 2
23241 2
23243 2
23293 2
23300 2
23328 2
23381 2
23389 2
23390 2
23395 2
23414 2
23428 2
23446 2
23457 2
23461 2
23467 2
23469 2
23499 2
23515 2
23516 2
23523 2
23529 2
23533 2
23543 2
23547 2
23562 2
23574 2
23590 2
23595 2
23603 2
23620 2
23635 2
23641 2
23647 2
23648 2
23654 2
23710 2
23760 2
23786 2
24142 2
24148 2
25788 2
25792 2
25805 2
25814 2
25821 2
25830 2
25884 2
25890 2
25907 2
25911 2
25928 2
25929 2
25930 2
25999 2
26038 2
26047 2
26061 2
26118 2
26136 2
26225 2
26230 2
26239 2
26254 2
26258 2
26272 2
26280 2
26298 2
26355 2
26499 2
26502 2
26520 2
26577 2
26586 2
26750 2
26837 2
26960 2
26979 2
26993 2
26998 2
27000 2
27010 2
27011 2
27020 2
27033 2
27044 2
27071 2
27085 2
27123 2
27125 2
27131 2
27158 2
27159 2
27241 2
27244 2
27246 2
27247 2
27257 2
27284 2
27289 2
27294 2
27301 2
27304 2
27316 2
27333 2
27340 2
27342 2
27346 2
27433 2
28232 2
28962 2
28982 2
28984 2
28985 2
29071 2
29085 2
29087 2
29114 2
29116 2
29122 2
29124 2
29775 2
29801 2
29802 2
29882 2
29883 2
29893 2
29914 2
29924 2
29929 2
29931 2
29957 2
29974 2
29984 2
29988 2
29991 2
30008 2
30010 2
30815 2
30820 2
30827 2
30833 2
30845 2
30968 2
43849 2
50485 2
50488 2
50509 2
50515 2
50636 2
50674 2
50846 2
50856 2
50863 2
50940 2
50945 2
51013 2
51028 2
51041 2
51052 2
51070 2
51087 2
51103 2
51125 2
51126 2
51128 2
51156 2
51167 2
51172 2
51200 2
51205 2
51207 2
51225 2
51232 2
51251 2
51279 2
51280 2
51291 2
51292 2
51298 2
51314 2
51339 2
51343 2
51360 2
51366 2
51372 2
51433 2
51434 2
51447 2
51473 2
51479 2
51512 2
51517 2
51529 2
51530 2
51535 2
51540 2
51542 2
51554 2
51557 2
51592 2
51604 2
51616 2
51645 2
51686 2
51692 2
51733 2
51735 2
51754 2
51765 2
51773 2
53339 2
53405 2
53635 2
53828 2
53832 2
53834 2
53841 2
53919 2
53938 2
54101 2
54187 2
54205 2
54221 2
54331 2
54496 2
54518 2
54536 2
54552 2
54556 2
54623 2
54675 2
54677 2
54808 2
54828 2
54843 2
54874 2
54882 2
54888 2
54900 2
54903 2
54933 2
54935 2
54960 2
54998 2
55054 2
55074 2
55153 2
55163 2
55165 2
55177 2
55183 2
55190 2
55207 2
55240 2
55244 2
55249 2
55256 2
55300 2
55327 2
55328 2
55332 2
55343 2
55361 2
55364 2
55384 2
55486 2
55504 2
55509 2
55521 2
55536 2
55554 2
55577 2
55584 2
55589 2
55603 2
55617 2
55620 2
55665 2
55677 2
55679 2
55681 2
55711 2
55715 2
55735 2
55740 2
55749 2
55755 2
55768 2
55790 2
55802 2
55808 2
55816 2
55856 2
55859 2
55901 2
55904 2
55909 2
55911 2
55915 2
55966 2
56155 2
56253 2
56262 2
56287 2
56475 2
56478 2
56606 2
56654 2
56672 2
56776 2
56886 2
56888 2
56913 2
56922 2
56923 2
56937 2
56984 2
56988 2
56990 2
56993 2
57019 2
57026 2
57030 2
57082 2
57108 2
57115 2
57119 2
57124 2
57144 2
57161 2
57162 2
57405 2
57478 2
57514 2
57559 2
57569 2
57584 2
57595 2
57602 2
57617 2
57646 2
57689 2
57786 2
57787 2
57820 2
57823 2
57835 2
57863 2
58189 2
58480 2
58497 2
59345 2
60386 2
60485 2
60500 2
60529 2
60672 2
63827 2
63891 2
63892 2
64002 2
64061 2
64063 2
64087 2
64090 2
64112 2
64132 2
64167 2
64210 2
64219 2
64320 2
64342 2
64343 2
64407 2
64419 2
64422 2
64746 2
64764 2
64772 2
64780 2
64784 2
64816 2
64849 2
64924 2
65003 2
65055 2
65082 2
65267 2
66035 2
79003 2
79031 2
79048 2
79075 2
79087 2
79132 2
79174 2
79370 2
79465 2
79571 2
79576 2
79585 2
79658 2
79677 2
79682 2
79695 2
79705 2
79718 2
79727 2
79733 2
79784 2
79813 2
79833 2
79850 2
79858 2
79870 2
79874 2
79885 2
79921 2
79944 2
80010 2
80024 2
80070 2
80119 2
80174 2
80196 2
80258 2
80307 2
80309 2
80316 2
80333 2
80339 2
80347 2
80351 2
80764 2
80777 2
80790 2
80830 2
80835 2
81030 2
81555 2
81557 2
81559 2
81603 2
81609 2
81616 2
81622 2
81629 2
81669 2
81693 2
81706 2
81788 2
81857 2
83259 2
83475 2
83478 2
83483 2
83596 2
83604 2
83658 2
83729 2
83741 2
83871 2
83873 2
83874 2
83884 2
83890 2
83893 2
83903 2
84033 2
84109 2
84171 2
84172 2
84174 2
84181 2
84188 2
84203 2
84230 2
84232 2
84268 2
84271 2
84299 2
84335 2
84376 2
84440 2
84444 2
84449 2
84515 2
84548 2
84561 2
84618 2
84624 2
84643 2
84648 2
84649 2
84662 2
84666 2
84687 2
84695 2
84705 2
84706 2
84707 2
84708 2
84779 2
84818 2
84824 2
84870 2
84875 2
84889 2
84916 2
84922 2
84959 2
84993 2
85021 2
85365 2
85366 2
85403 2
89797 2
89872 2
90134 2
90167 2
90249 2
90410 2
90480 2
90678 2
90780 2
91012 2
91074 2
91304 2
91522 2
91544 2
91746 2
91949 2
92181 2
92283 2
92579 2
92609 2
92675 2
93107 2
93210 2
94121 2
112401 2
112464 2
112744 2
112950 2
113189 2
113201 2
113251 2
113510 2
113878 2
114132 2
114569 2
114769 2
114771 2
114780 2
114791 2
114799 2
114814 2
114876 2
114897 2
114907 2
115201 2
115509 2
115861 2
115908 2
116143 2
116154 2
116225 2
116443 2
116448 2
117194 2
117531 2
117583 2
118427 2
118430 2
118813 2
121268 2
121441 2
122953 2
123920 2
124583 2
124912 2
126961 2
127700 2
127829 2
127943 2
128178 2
128853 2
130120 2
130367 2
131474 2
131578 2
132204 2
132625 2
132851 2
134353 2
134429 2
134957 2
135112 2
135152 2
135935 2
137075 2
137196 2
137492 2
138050 2
139716 2
140578 2
140609 2
140947 2
142680 2
144125 2
145173 2
145873 2
145908 2
146059 2
147841 2
149628 2
150209 2
150290 2
150372 2
150739 2
151636 2
151887 2
152330 2
152503 2
152789 2
154215 2
154661 2
155184 2
155465 2
157310 2
158835 2
161742 2
162514 2
162989 2
163175 2
164656 2
165904 2
167465 2
168667 2
169522 2
170392 2
170679 2
170685 2
170689 2
170850 2
171177 2
171558 2
196403 2
196743 2
199974 2
200081 2
219681 2
219699 2
221476 2
222662 2
245711 2
245806 2
245909 2
253430 2
254394 2
254428 2
255239 2
257313 2
259173 2
259290 2
259307 2
260436 2
266675 2
266727 2
283208 2
283455 2
283518 2
284086 2
284119 2
285489 2
319100 2
326340 2
326342 2
326625 2
333932 2
337876 2
338023 2
338322 2
338324 2
338433 2
338707 2
338917 2
340596 2
341567 2
343035 2
344018 2
346562 2
347732 2
347902 2
348980 2
349667 2
353174 2
353238 2
353497 2
374403 2
374907 2
377677 2
387893 2
389168 2
389434 2
389901 2
392862 2
399473 2
399687 2
401950 2
402406 2
404281 2
404672 2
405754 2
406881 2
406982 2
442867 2
442868 2
445341 2
497231 2
613203 2
642559 2
644676 2
654346 2
1 1
13 1
23 1
29 1
37 1
47 1
49 1
86 1
101 1
132 1
141 1
143 1
161 1
162 1
166 1
172 1
202 1
220 1
226 1
230 1
233 1
266 1
271 1
275 1
279 1
306 1
312 1
319 1
346 1
363 1
373 1
377 1
379 1
403 1
417 1
420 1
465 1
473 1
492 1
495 1
501 1
509 1
525 1
527 1
528 1
539 1
574 1
576 1
579 1
586 1
593 1
605 1
606 1
607 1
611 1
617 1
640 1
642 1
646 1
651 1
662 1
687 1
689 1
747 1
752 1
754 1
755 1
763 1
764 1
767 1
783 1
785 1
795 1
808 1
810 1
899 1
908 1
922 1
932 1
955 1
956 1
980 1
987 1
1005 1
1006 1
1013 1
1018 1
1024 1
1047 1
1061 1
1068 1
1070 1
1087 1
1102 1
1112 1
1117 1
1123 1
1140 1
1142 1
1164 1
1193 1
1196 1
1208 1
1209 1
1212 1
1218 1
1254 1
1255 1
1260 1
1295 1
1310 1
1314 1
1346 1
1357 1
1359 1
1367 1
1369 1
1373 1
1379 1
1413 1
1417 1
1428 1
1429 1
1443 1
1446 1
1448 1
1466 1
1468 1
1469 1
1473 1
1477 1
1479 1
1501 1
1503 1
1522 1
1527 1
1549 1
1572 1
1578 1
1590 1
1607 1
1632 1
1662 1
1669 1
1679 1
1705 1
1730 1
1731 1
1745 1
1761 1
1778 1
1780 1
1795 1
1810 1
1819 1
1838 1
1856 1
1857 1
1863 1
1880 1
1934 1
1946 1
1992 1
1993 1
1995 1
2005 1
2036 1
2037 1
2044 1
2045 1
2058 1
2079 1
2086 1
2087 1
2088 1
2098 1
2117 1
2121 1
2135 1
2137 1
2139 1
2180 1
2203 1
2222 1
2250 1
2251 1
2262 1
2268 1
2286 1
2290 1
2297 1
2298 1
2299 1
2302 1
2306 1
2327 1
2330 1
2342 1
2345 1
2350 1
2364 1
2429 1
2463 1
2483 1
2491 1
2517 1
2522 1
2531 1
2537 1
2579 1
2585 1
2589 1
2619 1
2620 1
2628 1
2632 1
2636 1
2647 1
2653 1
2676 1
2686 1
2733 1
2762 1
2764 1
2773 1
2781 1
2791 1
2792 1
2793 1
2799 1
2804 1
2813 1
2824 1
2827 1
2830 1
2835 1
2840 1
2841 1
2846 1
2856 1
2857 1
2873 1
2882 1
2895 1
2900 1
2906 1
2910 1
2916 1
2921 1
2926 1
2942 1
2958 1
2960 1
2961 1
2963 1
2975 1
2976 1
2979 1
2981 1
2982 1
2983 1
2986 1
3007 1
3042 1
3058 1
3071 1
3113 1
3127 1
3141 1
3142 1
3151 1
3158 1
3171 1
3182 1
3186 1
3188 1
3201 1
3212 1
3216 1
3223 1
3226 1
3229 1
3237 1
3267 1
3281 1
3311 1
3324 1
3340 1
3345 1
3346 1
3361 1
3382 1
3407 1
3421 1
3422 1
3430 1
3442 1
3443 1
3444 1
3445 1
3446 1
3447 1
3448 1
3452 1
3467 1
3500 1
3501 1
3537 1
3538 1
3539 1
3602 1
3615 1
3628 1
3631 1
3656 1
3669 1
3681 1
3697 1
3705 1
3712 1
3737 1
3743 1
3744 1
3748 1
3750 1
3765 1
3770 1
3775 1
3780 1
3800 1
3808 1
3810 1
3813 1
3840 1
3847 1
3849 1
3850 1
3860 1
3866 1
3881 1
3885 1
3886 1
3891 1
3892 1
3940 1
3945 1
3948 1
3954 1
3955 1
3982 1
3993 1
4004 1
4008 1
4048 1
4053 1
4058 1
4064 1
4065 1
4066 1
4071 1
4077 1
4097 1
4101 1
4108 1
4109 1
4110 1
4112 1
4113 1
4124 1
4125 1
4139 1
4142 1
4143 1
4146 1
4169 1
4184 1
4190 1
4197 1
4199 1
4218 1
4239 1
4242 1
4247 1
4258 1
4264 1
4295 1
4300 1
4308 1
4335 1
4336 1
4342 1
4351 1
4354 1
4355 1
4357 1
4397 1
4412 1
4435 1
4484 1
4490 1
4493 1
4494 1
4500 1
4536 1
4553 1
4556 1
4558 1
4565 1
4566 1
4569 1
4580 1
4606 1
4621 1
4660 1
4661 1
4664 1
4676 1
4678 1
4695 1
4708 1
4722 1
4726 1
4728 1
4731 1
4736 1
4745 1
4779 1
4781 1
4783 1
4807 1
4808 1
4814 1
4817 1
4821 1
4825 1
4826 1
4827 1
4829 1
4849 1
4850 1
4885 1
4892 1
4919 1
4924 1
4931 1
4942 1
4947 1
4957 1
4958 1
4969 1
4974 1
4990 1
4991 1
4994 1
5003 1
5013 1
5042 1
5066 1
5075 1
5098 1
5100 1
5121 1
5130 1
5132 1
5134 1
5137 1
5148 1
5149 1
5177 1
5192 1
5199 1
5201 1
5207 1
5213 1
5218 1
5238 1
5255 1
5257 1
5271 1
5296 1
5306 1
5334 1
5355 1
5356 1
5361 1
5362 1
5396 1
5421 1
5426 1
5433 1
5434 1
5435 1
5437 1
5439 1
5456 1
5495 1
5500 1
5502 1
5522 1
5526 1
5537 1
5540 1
5559 1
5565 1
5612 1
5613 1
5669 1
5670 1
5673 1
5678 1
5681 1
5686 1
5687 1
5690 1
5699 1
5700 1
5701 1
5704 1
5707 1
5714 1
5715 1
5717 1
5719 1
5746 1
5767 1
5782 1
5784 1
5790 1
5799 1
5801 1
5814 1
5826 1
5828 1
5831 1
5833 1
5834 1
5836 1
5858 1
5860 1
5862 1
5872 1
5877 1
5917 1
5922 1
5929 1
5948 1
5949 1
5968 1
5990 1
5992 1
5995 1
6001 1
6002 1
6008 1
6051 1
6066 1
6092 1
6096 1
6122 1
6128 1
6137 1
6138 1
6142 1
6143 1
6150 1
6156 1
6165 1
6167 1
6173 1
6176 1
6183 1
6206 1
6222 1
6224 1
6233 1
6235 1
6238 1
6251 1
6276 1
6291 1
6293 1
6302 1
6305 1
6327 1
6328 1
6330 1
6336 1
6355 1
6370 1
6396 1
6425 1
6444 1
6447 1
6463 1
6482 1
6486 1
6499 1
6503 1
6511 1
6512 1
6526 1
6536 1
6543 1
6549 1
6568 1
6578 1
6601 1
6602 1
6617 1
6619 1
6621 1
6626 1
6627 1
6628 1
6631 1
6634 1
6640 1
6641 1
6645 1
6677 1
6694 1
6695 1
6701 1
6713 1
6718 1
6729 1
6730 1
6742 1
6743 1
6744 1
6748 1
6758 1
6759 1
6782 1
6801 1
6809 1
6811 1
6813 1
6814 1
6830 1
6841 1
6847 1
6861 1
6862 1
6871 1
6887 1
6893 1
6894 1
6902 1
6903 1
6942 1
6944 1
6954 1
6998 1
7008 1
7016 1
7069 1
7087 1
7091 1
7092 1
7095 1
7102 1
7126 1
7138 1
7140 1
7141 1
7143 1
7145 1
7146 1
7195 1
7203 1
7242 1
7259 1
7266 1
7283 1
7284 1
7326 1
7328 1
7342 1
7380 1
7384 1
7386 1
7388 1
7398 1
7405 1
7407 1
7419 1
7425 1
7455 1
7458 1
7464 1
7478 1
7512 1
7559 1
7581 1
7589 1
7592 1
7594 1
7637 1
7690 1
7692 1
7727 1
7780 1
7781 1
7802 1
7866 1
7921 1
7923 1
7952 1
7979 1
7984 1
7991 1
8019 1
8036 1
8045 1
8048 1
8068 1
8076 1
8100 1
8141 1
8175 1
8187 1
8197 1
8215 1
8216 1
8218 1
8227 1
8241 1
8254 1
8302 1
8310 1
8314 1
8320 1
8323 1
8324 1
8327 1
8349 1
8353 1
8382 1
8389 1
8390 1
8408 1
8412 1
8416 1
8417 1
8424 1
8425 1
8445 1
8453 1
8479 1
8484 1
8492 1
8496 1
8499 1
8501 1
8507 1
8510 1
8511 1
8512 1
8520 1
8522 1
8529 1
8538 1
8539 1
8545 1
8548 1
8558 1
8560 1
8568 1
8574 1
8576 1
8577 1
8618 1
8630 1
8638 1
8643 1
8662 1
8668 1
8669 1
8675 1
8676 1
8677 1
8681 1
8697 1
8698 1
8706 1
8723 1
8724 1
8725 1
8726 1
8731 1
8735 1
8749 1
8774 1
8782 1
8789 1
8803 1
8804 1
8807 1
8808 1
8822 1
8823 1
8831 1
8832 1
8843 1
8846 1
8853 1
8876 1
8882 1
8890 1
8897 1
8904 1
8971 1
8972 1
8988 1
8992 1
8994 1
8999 1
9001 1
9014 1
9015 1
9023 1
9025 1
9032 1
9033 1
9034 1
9040 1
9053 1
9060 1
9064 1
9066 1
9068 1
9070 1
9071 1
9073 1
9074 1
9080 1
9085 1
9087 1
9120 1
9125 1
9128 1
9134 1
9135 1
9136 1
9172 1
9175 1
9179 1
9194 1
9202 1
9208 1
9209 1
9215 1
9218 1
9228 1
9230 1
9238 1
9242 1
9246 1
9247 1
9258 1
9262 1
9265 1
9295 1
9330 1
9331 1
9337 1
9338 1
9352 1
9363 1
9369 1
9374 1
9377 1
9380 1
9406 1
9424 1
9435 1
9441 1
9455 1
9467 1
9486 1
9496 1
9508 1
9520 1
9521 1
9529 1
9533 1
9541 1
9545 1
9559 1
9570 1
9576 1
9583 1
9585 1
9587 1
9610 1
9625 1
9626 1
9630 1
9632 1
9637 1
9643 1
9644 1
9645 1
9653 1
9654 1
9657 1
9659 1
9667 1
9669 1
9688 1
9689 1
9690 1
9697 1
9703 1
9705 1
9712 1
9718 1
9723 1
9724 1
9732 1
9746 1
9750 1
9751 1
9760 1
9764 1
9774 1
9781 1
9782 1
9790 1
9796 1
9806 1
9807 1
9818 1
9825 1
9828 1
9837 1
9842 1
9852 1
9853 1
9855 1
9857 1
9858 1
9859 1
9860 1
9866 1
9868 1
9871 1
9885 1
9886 1
9887 1
9892 1
9910 1
9913 1
9915 1
9918 1
9921 1
9924 1
9926 1
9931 1
9936 1
9940 1
9945 1
9948 1
9949 1
9950 1
9967 1
9984 1
9985 1
9988 1
9993 1
10022 1
10024 1
10026 1
10039 1
10044 1
10046 1
10047 1
10054 1
10066 1
10067 1
10072 1
10092 1
10093 1
10094 1
10102 1
10103 1
10105 1
10106 1
10121 1
10136 1
10138 1
10150 1
10153 1
10160 1
10161 1
10168 1
10178 1
10184 1
10186 1
10189 1
10195 1
10204 1
10217 1
10224 1
10225 1
10235 1
10238 1
10241 1
10244 1
10254 1
10261 1
10265 1
10274 1
10279 1
10282 1
10291 1
10293 1
10295 1
10296 1
10299 1
10301 1
10326 1
10327 1
10330 1
10345 1
10349 1
10351 1
10352 1
10361 1
10368 1
10389 1
10390 1
10396 1
10398 1
10404 1
10409 1
10422 1
10423 1
10424 1
10425 1
10428 1
10435 1
10447 1
10452 1
10460 1
10463 1
10465 1
10471 1
10478 1
10479 1
10484 1
10486 1
10487 1
10491 1
10495 1
10500 1
10501 1
10505 1
10513 1
10514 1
10528 1
10533 1
10541 1
10547 1
10549 1
10554 1
10562 1
10570 1
10574 1
10588 1
10595 1
10597 1
10605 1
10612 1
10629 1
10633 1
10634 1
10635 1
10636 1
10640 1
10641 1
10654 1
10668 1
10677 1
10682 1
10692 1
10714 1
10718 1
10732 1
10741 1
10749 1
10750 1
10753 1
10766 1
10768 1
10776 1
10781 1
10782 1
10786 1
10788 1
10791 1
10794 1
10807 1
10808 1
10811 1
10841 1
10842 1
10845 1
10861 1
10864 1
10871 1
10877 1
10888 1
10890 1
10896 1
10897 1
10899 1
10901 1
10902 1
10904 1
10906 1
10907 1
10920 1
10924 1
10930 1
10940 1
10941 1
10943 1
10946 1
10952 1
10954 1
10955 1
10956 1
10957 1
10960 1
10962 1
10972 1
10978 1
10979 1
10980 1
10992 1
11018 1
11022 1
11025 1
11046 1
11072 1
11086 1
11097 1
11102 1
11107 1
11122 1
11123 1
11130 1
11135 1
11157 1
11163 1
11164 1
11170 1
11173 1
11174 1
11177 1
11190 1
11192 1
11196 1
11215 1
11218 1
11221 1
11228 1
11231 1
11232 1
11238 1
11243 1
11259 1
11262 1
11266 1
11269 1
11270 1
11274 1
11275 1
11280 1
11281 1
11317 1
11321 1
11326 1
11345 1
22797 1
22802 1
22808 1
22824 1
22827 1
22832 1
22843 1
22845 1
22849 1
22856 1
22858 1
22866 1
22883 1
22885 1
22891 1
22899 1
22901 1
22906 1
22908 1
22928 1
22932 1
22934 1
22941 1
22947 1
22948 1
22950 1
22978 1
22980 1
22986 1
23001 1
23011 1
23032 1
23034 1
23039 1
23043 1
23047 1
23072 1
23086 1
23087 1
23092 1
23093 1
23108 1
23114 1
23119 1
23129 1
23133 1
23143 1
23145 1
23154 1
23158 1
23180 1
23186 1
23190 1
23197 1
23198 1
23200 1
23204 1
23205 1
23207 1
23214 1
23227 1
23230 1
23237 1
23239 1
23244 1
23246 1
23254 1
23261 1
23263 1
23264 1
23265 1
23273 1
23291 1
23299 1
23301 1
23303 1
23309 1
23310 1
23314 1
23317 1
23318 1
23326 1
23339 1
23348 1
23358 1
23362 1
23367 1
23370 1
23380 1
23382 1
23386 1
23392 1
23397 1
23401 1
23404 1
23408 1
23430 1
23432 1
23443 1
23452 1
23456 1
23464 1
23491 1
23507 1
23509 1
23520 1
23521 1
23522 1
23527 1
23530 1
23534 1
23542 1
23549 1
23550 1
23551 1
23558 1
23560 1
23567 1
23582 1
23587 1
23593 1
23608 1
23609 1
23617 1
23625 1
23626 1
23633 1
23646 1
23650 1
23658 1
23659 1
23673 1
23677 1
23679 1
23682 1
23706 1
23707 1
23708 1
23723 1
23743 1
23752 1
23759 1
23762 1
23780 1
23787 1
23788 1
24144 1
24149 1
25777 1
25778 1
25793 1
25798 1
25801 1
25807 1
25816 1
25819 1
25820 1
25823 1
25829 1
25835 1
25844 1
25861 1
25876 1
25885 1
25888 1
25891 1
25909 1
25914 1
25925 1
25937 1
25946 1
25956 1
25960 1
25972 1
25974 1
25976 1
25996 1
26002 1
26007 1
26015 1
26027 1
26031 1
26034 1
26035 1
26037 1
26040 1
26051 1
26057 1
26059 1
26064 1
26073 1
26084 1
26091 1
26092 1
26095 1
26098 1
26108 1
26127 1
26140 1
26145 1
26146 1
26147 1
26155 1
26156 1
26190 1
26205 1
26206 1
26227 1
26232 1
26257 1
26260 1
26266 1
26270 1
26275 1
26285 1
26290 1
26291 1
26297 1
26468 1
26469 1
26511 1
26575 1
26584 1
26589 1
26747 1
26862 1
26872 1
26958 1
26999 1
27019 1
27022 1
27031 1
27034 1
27042 1
27067 1
27068 1
27075 1
27076 1
27090 1
27092 1
27094 1
27102 1
27121 1
27133 1
27141 1
27148 1
27151 1
27163 1
27177 1
27189 1
27190 1
27199 1
27201 1
27236 1
27242 1
27248 1
27258 1
27286 1
27288 1
27295 1
27299 1
27302 1
27308 1
27315 1
27319 1
27328 1
27348 1
27349 1
27352 1
27436 1
27438 1
28227 1
28231 1
28402 1
28444 1
28461 1
28517 1
28569 1
28613 1
28619 1
28659 1
28951 1
28954 1
28965 1
28981 1
28987 1
28991 1
28992 1
28999 1
29078 1
29082 1
29089 1
29094 1
29101 1
29106 1
29113 1
29115 1
29118 1
29761 1
29763 1
29767 1
29781 1
29785 1
29796 1
29803 1
29842 1
29844 1
29887 1
29895 1
29928 1
29934 1
29935 1
29937 1
29941 1
29942 1
29944 1
29952 1
29960 1
29967 1
29968 1
29969 1
29970 1
29982 1
29985 1
29986 1
29990 1
29997 1
29998 1
30062 1
30811 1
30814 1
30828 1
30832 1
49854 1
50486 1
50512 1
50618 1
50624 1
50639 1
50640 1
50650 1
50700 1
50801 1
50810 1
50853 1
50861 1
50862 1
50939 1
50966 1
51000 1
51006 1
51010 1
51011 1
51018 1
51021 1
51025 1
51027 1
51035 1
51046 1
51056 1
51060 1
51061 1
51068 1
51072 1
51074 1
51075 1
51076 1
51082 1
51084 1
51085 1
51086 1
51088 1
51114 1
51117 1
51118 1
51124 1
51130 1
51131 1
51132 1
51138 1
51144 1
51146 1
51162 1
51163 1
51164 1
51166 1
51168 1
51170 1
51171 1
51182 1
51185 1
51192 1
51194 1
51202 1
51213 1
51214 1
51222 1
51227 1
51230 1
51237 1
51246 1
51253 1
51257 1
51265 1
51270 1
51271 1
51272 1
51274 1
51278 1
51282 1
51295 1
51299 1
51317 1
51320 1
51321 1
51324 1
51340 1
51361 1
51365 1
51371 1
51388 1
51411 1
51412 1
51428 1
51435 1
51441 1
51449 1
51450 1
51454 1
51465 1
51477 1
51481 1
51495 1
51506 1
51513 1
51520 1
51537 1
51538 1
51550 1
51559 1
51560 1
51567 1
51569 1
51573 1
51575 1
51585 1
51593 1
51596 1
51602 1
51606 1
51611 1
51614 1
51637 1
51639 1
51651 1
51666 1
51690 1
51696 1
51700 1
51714 1
51720 1
51729 1
51734 1
51742 1
51747 1
51760 1
51763 1
51764 1
51778 1
51780 1
51808 1
51816 1
53347 1
53407 1
53630 1
53829 1
53833 1
53842 1
53843 1
53944 1
54014 1
54069 1
54117 1
54165 1
54207 1
54212 1
54329 1
54346 1
54362 1
54386 1
54457 1
54464 1
54465 1
54466 1
54480 1
54495 1
54509 1
54512 1
54514 1
54529 1
54535 1
54539 1
54543 1
54545 1
54576 1
54587 1
54625 1
54657 1
54659 1
54708 1
54760 1
54766 1
54768 1
54776 1
54809 1
54810 1
54812 1
54831 1
54838 1
54857 1
54861 1
54866 1
54892 1
54894 1
54897 1
54899 1
54905 1
54918 1
54922 1
54926 1
54952 1
54959 1
54965 1
54972 1
54974 1
54985 1
54993 1
54995 1
55000 1
55008 1
55035 1
55038 1
55048 1
55055 1
55062 1
55070 1
55072 1
55075 1
55089 1
55090 1
55107 1
55114 1
55117 1
55124 1
55131 1
55132 1
55144 1
55145 1
55149 1
55167 1
55178 1
55180 1
55188 1
55197 1
55198 1
55212 1
55213 1
55217 1
55226 1
55229 1
55230 1
55233 1
55243 1
55247 1
55257 1
55269 1
55272 1
55275 1
55283 1
55288 1
55290 1
55293 1
55303 1
55304 1
55311 1
55312 1
55315 1
55326 1
55341 1
55356 1
55359 1
55422 1
55423 1
55437 1
55454 1
55500 1
55501 1
55510 1
55511 1
55522 1
55527 1
55529 1
55532 1
55534 1
55544 1
55561 1
55566 1
55568 1
55596 1
55599 1
55602 1
55614 1
55615 1
55629 1
55632 1
55643 1
55650 1
55651 1
55653 1
55663 1
55664 1
55666 1
55676 1
55695 1
55696 1
55701 1
55703 1
55705 1
55706 1
55716 1
55718 1
55728 1
55737 1
55746 1
55750 1
55752 1
55757 1
55759 1
55784 1
55786 1
55787 1
55794 1
55799 1
55800 1
55803 1
55805 1
55811 1
55812 1
55814 1
55825 1
55827 1
55837 1
55843 1
55849 1
55876 1
55884 1
55885 1
55893 1
55898 1
55902 1
55920 1
55929 1
55975 1
55997 1
55998 1
56105 1
56160 1
56171 1
56246 1
56265 1
56286 1
56301 1
56341 1
56342 1
56479 1
56521 1
56604 1
56623 1
56659 1
56667 1
56670 1
56829 1
56832 1
56849 1
56850 1
56851 1
56853 1
56882 1
56891 1
56894 1
56896 1
56897 1
56898 1
56929 1
56934 1
56938 1
56940 1
56944 1
56957 1
56963 1
56994 1
56997 1
57010 1
57043 1
57054 1
57055 1
57092 1
57094 1
57101 1
57107 1
57111 1
57118 1
57121 1
57132 1
57135 1
57159 1
57169 1
57172 1
57178 1
57180 1
57186 1
57188 1
57194 1
57211 1
57214 1
57222 1
57333 1
57338 1
57343 1
57381 1
57419 1
57446 1
57451 1
57455 1
57459 1
57486 1
57493 1
57496 1
57522 1
57526 1
57530 1
57531 1
57532 1
57534 1
57535 1
57551 1
57556 1
57561 1
57570 1
57575 1
57576 1
57589 1
57609 1
57615 1
57623 1
57626 1
57657 1
57659 1
57665 1
57692 1
57693 1
57704 1
57714 1
57719 1
57728 1
57758 1
57763 1
57804 1
57805 1
57819 1
57822 1
57824 1
57826 1
57862 1
57876 1
58477 1
58478 1
58485 1
58488 1
58498 1
58506 1
58511 1
58515 1
58529 1
58533 1
58538 1
59269 1
59307 1
59335 1
59349 1
59351 1
60314 1
60343 1
60484 1
60496 1
60561 1
60625 1
60677 1
60682 1
63036 1
63874 1
63876 1
63923 1
63924 1
63925 1
63935 1
63940 1
63941 1
63943 1
63974 1
63982 1
64006 1
64067 1
64083 1
64084 1
64089 1
64092 1
64093 1
64096 1
64145 1
64146 1
64150 1
64215 1
64216 1
64218 1
64220 1
64236 1
64285 1
64288 1
64318 1
64328 1
64377 1
64386 1
64393 1
64400 1
64403 1
64405 1
64412 1
64431 1
64499 1
64506 1
64598 1
64663 1
64693 1
64695 1
64711 1
64745 1
64753 1
64759 1
64761 1
64766 1
64768 1
64783 1
64785 1
64800 1
64801 1
64844 1
64857 1
64902 1
65056 1
65059 1
65065 1
65108 1
65117 1
65251 1
65258 1
65975 1
65977 1
65979 1
65981 1
66002 1
78986 1
78987 1
78990 1
79004 1
79006 1
79053 1
79065 1
79080 1
79098 1
79101 1
79134 1
79135 1
79140 1
79145 1
79148 1
79152 1
79156 1
79161 1
79178 1
79179 1
79180 1
79184 1
79187 1
79364 1
79443 1
79582 1
79586 1
79589 1
79618 1
79623 1
79625 1
79642 1
79652 1
79659 1
79663 1
79685 1
79690 1
79692 1
79693 1
79694 1
79697 1
79711 1
79712 1
79723 1
79738 1
79772 1
79776 1
79791 1
79796 1
79800 1
79803 1
79849 1
79852 1
79865 1
79884 1
79890 1
79892 1
79893 1
79902 1
79930 1
79931 1
79966 1
79968 1
79983 1
79987 1
80003 1
80012 1
80013 1
80022 1
80031 1
80055 1
80063 1
80095 1
80124 1
80131 1
80143 1
80144 1
80146 1
80149 1
80150 1
80168 1
80177 1
80213 1
80216 1
80227 1
80230 1
80232 1
80235 1
80254 1
80263 1
80271 1
80273 1
80274 1
80298 1
80312 1
80314 1
80341 1
80342 1
80350 1
80705 1
80709 1
80724 1
80739 1
80760 1
80761 1
80823 1
80829 1
80831 1
80832 1
80833 1
80896 1
80975 1
81033 1
81493 1
81501 1
81532 1
81562 1
81567 1
81572 1
81579 1
81606 1
81607 1
81611 1
81621 1
81689 1
81704 1
81786 1
81792 1
81833 1
81847 1
81850 1
81851 1
81892 1
81928 1
81929 1
83442 1
83447 1
83461 1
83481 1
83544 1
83548 1
83592 1
83594 1
83595 1
83637 1
83638 1
83657 1
83659 1
83666 1
83667 1
83693 1
83696 1
83706 1
83752 1
83787 1
83795 1
83849 1
83851 1
83855 1
83879 1
83886 1
83887 1
83888 1
83895 1
83931 1
83983 1
83985 1
83988 1
83992 1
84057 1
84061 1
84068 1
84073 1
84084 1
84100 1
84101 1
84105 1
84107 1
84124 1
84159 1
84176 1
84218 1
84231 1
84239 1
84260 1
84262 1
84270 1
84275 1
84289 1
84292 1
84306 1
84313 1
84329 1
84365 1
84417 1
84419 1
84446 1
84456 1
84458 1
84513 1
84519 1
84534 1
84612 1
84620 1
84628 1
84650 1
84654 1
84665 1
84677 1
84679 1
84688 1
84692 1
84694 1
84696 1
84699 1
84701 1
84717 1
84722 1
84725 1
84750 1
84759 1
84787 1
84798 1
84803 1
84812 1
84844 1
84867 1
84888 1
84893 1
84897 1
84909 1
84911 1
84912 1
84925 1
84936 1
84937 1
84939 1
84952 1
84955 1
84957 1
84985 1
84988 1
85012 1
85235 1
85298 1
85313 1
85315 1
85378 1
85409 1
85417 1
85437 1
85439 1
85450 1
85478 1
85479 1
85507 1
85509 1
85569 1
86614 1
89766 1
89792 1
89796 1
89857 1
89885 1
89910 1
89941 1
90025 1
90102 1
90161 1
90187 1
90203 1
90332 1
90333 1
90378 1
90390 1
90423 1
90441 1
90527 1
90627 1
90639 1
90809 1
90843 1
90933 1
90993 1
91151 1
91179 1
91319 1
91442 1
91624 1
91663 1
91734 1
91768 1
91782 1
91942 1
91966 1
91977 1
92211 1
92241 1
92335 1
92344 1
92521 1
92610 1
92703 1
92737 1
92747 1
92797 1
92906 1
92912 1
92935 1
92949 1
92960 1
92979 1
93035 1
93099 1
93145 1
93183 1
93273 1
93589 1
93621 1
93661 1
93974 1
93976 1
93978 1
93979 1
93983 1
94015 1
94032 1
94120 1
94134 1
94137 1
94142 1
94160 1
94234 1
96459 1
96764 1
103910 1
112483 1
112616 1
112802 1
112858 1
112939 1
113130 1
113612 1
113746 1
114034 1
114049 1
114294 1
114335 1
114336 1
114571 1
114610 1
114784 1
114805 1
114815 1
114883 1
114899 1
114928 1
114990 1
115019 1
115106 1
115207 1
115265 1
115286 1
115350 1
115362 1
115703 1
115817 1
115825 1
115827 1
115950 1
116113 1
116138 1
116159 1
116173 1
116285 1
116362 1
116369 1
116372 1
116442 1
116444 1
116496 1
116729 1
116832 1
116833 1
116840 1
116966 1
116984 1
116988 1
117153 1
117154 1
117155 1
117157 1
117177 1
117178 1
117195 1
117285 1
117581 1
117854 1
118460 1
118487 1
118788 1
118980 1
119559 1
120071 1
120425 1
121227 1
121391 1
121457 1
121506 1
121512 1
121549 1
121599 1
122060 1
122622 1
122665 1
122786 1
122809 1
122970 1
123016 1
123041 1
123099 1
123887 1
124220 1
124274 1
124590 1
124641 1
124857 1
124872 1
124925 1
124935 1
125170 1
125981 1
125997 1
126006 1
126206 1
126272 1
126306 1
126326 1
126374 1
127247 1
127435 1
128209 1
128312 1
128488 1
128821 1
128822 1
128859 1
128866 1
128869 1
129446 1
129831 1
129880 1
130013 1
130497 1
131118 1
131177 1
131890 1
132112 1
132158 1
132243 1
132671 1
132864 1
132949 1
132954 1
133121 1
134218 1
134391 1
134526 1
134728 1
135250 1
135458 1
135656 1
136319 1
136853 1
136991 1
137529 1
137735 1
137814 1
137872 1
138428 1
138429 1
138474 1
139189 1
139285 1
139628 1
139741 1
139760 1
140449 1
140452 1
140461 1
140545 1
140597 1
140612 1
140625 1
140652 1
140679 1
140691 1
140707 1
140766 1
140767 1
140825 1
140901 1
140907 1
142679 1
142685 1
142940 1
143098 1
143471 1
143503 1
143570 1
144402 1
144453 1
144568 1
144715 1
145165 1
145258 1
145264 1
145282 1
145482 1
145501 1
145741 1
145781 1
145957 1
145989 1
146223 1
146547 1
146712 1
146760 1
146845 1
146850 1
146852 1
146956 1
147040 1
147138 1
147179 1
148066 1
148131 1
148252 1
148266 1
148281 1
148789 1
148979 1
149013 1
149371 1
149461 1
149685 1
149708 1
150000 1
150159 1
150165 1
150365 1
150572 1
150677 1
150696 1
151011 1
151056 1
151354 1
151449 1
151516 1
151531 1
151742 1
152006 1
152137 1
152831 1
153443 1
153562 1
153571 1
153572 1
153642 1
154664 1
154754 1
154807 1
155185 1
157285 1
157313 1
157506 1
157574 1
157739 1
158056 1
158062 1
158584 1
158798 1
158800 1
158833 1
159119 1
160365 1
160760 1
160851 1
160897 1
161253 1
162466 1
162540 1
163087 1
163126 1
163255 1
163404 1
163590 1
163688 1
163786 1
164045 1
164091 1
164781 1
165631 1
165679 1
166012 1
166336 1
166379 1
167681 1
167838 1
168620 1
169044 1
169714 1
169792 1
170506 1
170508 1
170532 1
170535 1
170545 1
170575 1
170622 1
170682 1
170690 1
170692 1
170712 1
170825 1
171024 1
171169 1
171389 1
171392 1
171424 1
171482 1
171483 1
171484 1
171511 1
192111 1
192115 1
192134 1
192666 1
192668 1
195814 1
195828 1
196463 1
196475 1
196528 1
197257 1
197358 1
199720 1
199731 1
199786 1
199834 1
199857 1
200010 1
200025 1
200315 1
200407 1
200504 1
200933 1
200958 1
200959 1
201299 1
201562 1
201595 1
201780 1
202018 1
202333 1
202559 1
203100 1
203245 1
203523 1
204474 1
204851 1
205564 1
205858 1
219670 1
219770 1
219790 1
219841 1
219899 1
220001 1
220064 1
220164 1
220972 1
221074 1
221079 1
221120 1
221549 1
221823 1
221830 1
221935 1
221937 1
221955 1
222643 1
222663 1
222894 1
223082 1
245812 1
245908 1
245912 1
246100 1
246176 1
246213 1
246330 1
246750 1
246754 1
246777 1
252839 1
252983 1
253461 1
253935 1
253959 1
253980 1
254042 1
254240 1
254531 1
254910 1
255082 1
255220 1
255231 1
255324 1
255488 1
255520 1
255626 1
255631 1
255928 1
255967 1
256236 1
256297 1
256309 1
256435 1
256646 1
256933 1
256979 1
259215 1
259217 1
259283 1
259289 1
260293 1
260402 1
260429 1
260431 1
266629 1
266678 1
266723 1
266743 1
266747 1
266811 1
280636 1
282991 1
283078 1
283149 1
283349 1
283375 1
283417 1
283463 1
283600 1
283651 1
283652 1
283748 1
283869 1
284110 1
284161 1
284203 1
284340 1
284353 1
284359 1
284697 1
284759 1
285231 1
285381 1
285521 1
285613 1
285634 1
285641 1
285672 1
285955 1
285973 1
286053 1
286319 1
286751 1
286827 1
317667 1
317668 1
317685 1
317716 1
317720 1
317751 1
317754 1
317772 1
319101 1
327657 1
338323 1
338335 1
338339 1
338376 1
338377 1
338436 1
339105 1
339122 1
339287 1
339324 1
339345 1
339390 1
339883 1
340024 1
340075 1
340156 1
340168 1
340206 1
340267 1
340451 1
340533 1
340547 1
340665 1
340719 1
341019 1
341359 1
342371 1
342372 1
342510 1
342931 1
343450 1
343552 1
343637 1
344191 1
344901 1
344967 1
345499 1
345611 1
346606 1
346673 1
347252 1
347731 1
347734 1
347736 1
347745 1
348158 1
348938 1
349565 1
352956 1
353091 1
353125 1
353131 1
353132 1
353133 1
353134 1
353135 1
353137 1
353139 1
353140 1
353141 1
353142 1
353143 1
353144 1
353145 1
353189 1
353324 1
353347 1
353514 1
359825 1
359948 1
360200 1
360205 1
360219 1
373068 1
374407 1
374454 1
374879 1
375033 1
375056 1
375318 1
375323 1
375612 1
376267 1
377630 1
377841 1
378426 1
378427 1
378484 1
378707 1
378708 1
378807 1
378938 1
379003 1
387332 1
387335 1
387496 1
387573 1
387601 1
387755 1
388125 1
388372 1
388531 1
388552 1
388697 1
388962 1
389049 1
389058 1
389136 1
389289 1
389421 1
389833 1
390443 1
390502 1
390816 1
390998 1
391105 1
391535 1
391634 1
391811 1
392255 1
392301 1
399516 1
399564 1
399665 1
400500 1
401135 1
401190 1
402192 1
402216 1
402381 1
402415 1
403078 1
403313 1
403314 1
403341 1
404552 1
404734 1
405753 1
406874 1
406947 1
406948 1
406950 1
407021 1
414059 1
414060 1
414062 1
414899 1
415116 1
431704 1
431705 1
431707 1
439934 1
440068 1
440490 1
440603 1
441099 1
441748 1
441799 1
441931 1
442085 1
442219 1
442338 1
442704 1
445372 1
445815 1
448831 1
448834 1
448962 1
449484 1
449520 1
449523 1
474193 1
493861 1
493911 1
494148 1
494188 1
494513 1
497634 1
542767 1
544582 1
548594 1
548596 1
553115 1
553128 1
574028 1
594832 1
606293 1
642355 1
643387 1
643803 1
643834 1
644076 1
644770 1
644811 1
645832 1
648998 1
649159 1
652907 1
653247 1
653671 1
653882 1
653935 1
654264 1
654816 1
664709 1
677764 1
692221 1
724066 1
724090 1
727699 1
728294 1
728621 1
728695 1
729359 1
729475 1
767559 1
768206 1
768211 1